     0.00000000 +2.861790723607064E-005 +0.000000000000000E+000 +2.861790723607064E-005
     0.10288066 +2.816309119858293E-005 +0.000000000000000E+000 +2.816309119858293E-005
     0.20061728 +2.730199486462395E-005 +0.000000000000000E+000 +2.730199486462395E-005
     0.30349794 +2.621117604265855E-005 +0.000000000000000E+000 +2.621117604265855E-005
     0.40123457 +2.517732902168683E-005 +0.000000000000000E+000 +2.517732902168683E-005
     0.50411523 +2.422257337214350E-005 +0.000000000000000E+000 +2.422257337214350E-005
     0.60185185 +2.352664338860883E-005 +0.000000000000000E+000 +2.352664338860883E-005
     0.70473251 +2.306856747963892E-005 +0.000000000000000E+000 +2.306856747963892E-005
     0.80246914 +2.291328547884881E-005 +0.000000000000000E+000 +2.291328547884881E-005
     0.90020576 +2.303074549375397E-005 +0.000000000000000E+000 +2.303074549375397E-005
     1.00308642 +2.343906444171188E-005 +0.000000000000000E+000 +2.343906444171188E-005
     1.10082305 +2.408505350982035E-005 +0.000000000000000E+000 +2.408505350982035E-005
     1.20370370 +2.502403512872928E-005 +0.000000000000000E+000 +2.502403512872928E-005
     1.30144033 +2.615224305915609E-005 +0.000000000000000E+000 +2.615224305915609E-005
     1.40432099 +2.758043103921943E-005 +0.000000000000000E+000 +2.758043103921943E-005
     1.50205761 +2.916065966722997E-005 +0.000000000000000E+000 +2.916065966722997E-005
     1.60493827 +3.105609438442131E-005 +0.000000000000000E+000 +3.105609438442131E-005
     1.70267490 +3.307617247596877E-005 +0.000000000000000E+000 +3.307617247596877E-005
     1.80041152 +3.531078048905387E-005 +0.000000000000000E+000 +3.531078048905387E-005
     1.90329218 +3.789743359353412E-005 +0.000000000000000E+000 +3.789743359353412E-005
     2.00102881 +4.058186800882265E-005 +0.000000000000000E+000 +4.058186800882265E-005
     2.10390947 +4.365364208972345E-005 +0.000000000000000E+000 +4.365364208972345E-005
     2.20164609 +4.681451771702527E-005 +0.000000000000000E+000 +4.681451771702527E-005
     2.30452675 +5.040964492733834E-005 +0.000000000000000E+000 +5.040964492733834E-005
     2.40226337 +5.409388530068279E-005 +0.000000000000000E+000 +5.409388530068279E-005
     2.50000000 +5.805670723696079E-005 +0.000000000000000E+000 +5.805670723696079E-005
     2.60288066 +6.254962563381449E-005 +0.000000000000000E+000 +6.254962563381449E-005
     2.70061728 +6.714500327227562E-005 +0.000000000000000E+000 +6.714500327227562E-005
     2.80349794 +7.235161858675352E-005 +0.000000000000000E+000 +7.235161858675352E-005
     2.90123457 +7.767374276824555E-005 +0.000000000000000E+000 +7.767374276824555E-005
     3.00411523 +8.370007712627528E-005 +0.000000000000000E+000 +8.370007712627528E-005
     3.10185185 +8.985663538793228E-005 +0.000000000000000E+000 +8.985663538793228E-005
     3.20473251 +9.682489367979588E-005 +0.000000000000000E+000 +9.682489367979588E-005
     3.30246914 +1.039422943070027E-004 +0.000000000000000E+000 +1.039422943070027E-004
     3.40020576 +1.115812359355837E-004 +0.000000000000000E+000 +1.115812359355837E-004
     3.50308642 +1.202293896488102E-004 +0.000000000000000E+000 +1.202293896488102E-004
     3.60082305 +1.290674770368214E-004 +0.000000000000000E+000 +1.290674770368214E-004
     3.70370370 +1.390789887578504E-004 +0.000000000000000E+000 +1.390789887578504E-004
     3.80144033 +1.493165267183993E-004 +0.000000000000000E+000 +1.493165267183993E-004
     3.90432099 +1.609197530467379E-004 +0.000000000000000E+000 +1.609197530467379E-004
     4.00205761 +1.727906634918521E-004 +0.000000000000000E+000 +1.727906634918521E-004
     4.10493827 +1.862506194624848E-004 +0.000000000000000E+000 +1.862506194624848E-004
     4.20267490 +2.000257967410741E-004 +0.000000000000000E+000 +2.000257967410741E-004
     4.30041152 +2.148394974156128E-004 +0.000000000000000E+000 +2.148394974156128E-004
     4.40329218 +2.316427887237821E-004 +0.000000000000000E+000 +2.316427887237821E-004
     4.50102881 +2.488451688127029E-004 +0.000000000000000E+000 +2.488451688127029E-004
     4.60390947 +2.683607544375063E-004 +0.000000000000000E+000 +2.683607544375063E-004
     4.70164609 +2.883414847249603E-004 +0.000000000000000E+000 +2.883414847249603E-004
     4.80452675 +3.110092369057682E-004 +0.000000000000000E+000 +3.110092369057682E-004
     4.90226337 +3.342156637594810E-004 +0.000000000000000E+000 +3.342156637594810E-004
     5.00000000 +3.591743745898285E-004 +0.000000000000000E+000 +3.591743745898285E-004
     5.10288066 +3.874817200443304E-004 +0.000000000000000E+000 +3.874817200443304E-004
     5.20061728 +4.164510133586511E-004 +0.000000000000000E+000 +4.164510133586511E-004
     5.30349794 +4.492969415391960E-004 +0.000000000000000E+000 +4.492969415391960E-004
     5.40123457 +4.829007409195575E-004 +0.000000000000000E+000 +4.829007409195575E-004
     5.50411523 +5.209906979735620E-004 +0.000000000000000E+000 +5.209906979735620E-004
     5.60185185 +5.599498343616025E-004 +0.000000000000000E+000 +5.599498343616025E-004
     5.70473251 +6.041003732743451E-004 +0.000000000000000E+000 +6.041003732743451E-004
     5.80246914 +6.492495772344285E-004 +0.000000000000000E+000 +6.492495772344285E-004
     5.90020576 +6.977555310967950E-004 +0.000000000000000E+000 +6.977555310967950E-004
     6.00308642 +7.527112682898895E-004 +0.000000000000000E+000 +7.527112682898895E-004
     6.10082305 +8.088974232731069E-004 +0.000000000000000E+000 +8.088974232731069E-004
     6.20370370 +8.725470789444003E-004 +0.000000000000000E+000 +8.725470789444003E-004
     6.30144033 +9.376165339005331E-004 +0.000000000000000E+000 +9.376165339005331E-004
     6.40432099 +1.011326645273156E-003 +0.000000000000000E+000 +1.011326645273156E-003
     6.50205761 +1.086680798118200E-003 +0.000000000000000E+000 +1.086680798118200E-003
     6.60493827 +1.172043412940435E-003 +0.000000000000000E+000 +1.172043412940435E-003
     6.70267490 +1.259313511234158E-003 +0.000000000000000E+000 +1.259313511234158E-003
     6.80041152 +1.353057383163107E-003 +0.000000000000000E+000 +1.353057383163107E-003
     6.90329218 +1.459260116288624E-003 +0.000000000000000E+000 +1.459260116288624E-003
     7.00102881 +1.567844225381148E-003 +0.000000000000000E+000 +1.567844225381148E-003
     7.10390947 +1.690865421589523E-003 +0.000000000000000E+000 +1.690865421589523E-003
     7.20164609 +1.816651003175661E-003 +0.000000000000000E+000 +1.816651003175661E-003
     7.30452675 +1.959167639367817E-003 +0.000000000000000E+000 +1.959167639367817E-003
     7.40226337 +2.104894266308332E-003 +0.000000000000000E+000 +2.104894266308332E-003
     7.50000000 +2.261457877020544E-003 +0.000000000000000E+000 +2.261457877020544E-003
     7.60288066 +2.438860723818448E-003 +0.000000000000000E+000 +2.438860723818448E-003
     7.70061728 +2.620273603042772E-003 +0.000000000000000E+000 +2.620273603042772E-003
     7.80349794 +2.825842946969860E-003 +0.000000000000000E+000 +2.825842946969860E-003
     7.90123457 +3.036067875553152E-003 +0.000000000000000E+000 +3.036067875553152E-003
     8.00411523 +3.274294806616350E-003 +0.000000000000000E+000 +3.274294806616350E-003
     8.10185185 +3.517925120955990E-003 +0.000000000000000E+000 +3.517925120955990E-003
     8.20473251 +3.794015154246305E-003 +0.000000000000000E+000 +3.794015154246305E-003
     8.30246914 +4.076374470025416E-003 +0.000000000000000E+000 +4.076374470025416E-003
     8.40020576 +4.379779492534925E-003 +0.000000000000000E+000 +4.379779492534925E-003
     8.50308642 +4.723618856204555E-003 +0.000000000000000E+000 +4.723618856204555E-003
     8.60082305 +5.075276016084478E-003 +0.000000000000000E+000 +5.075276016084478E-003
     8.70370370 +5.473805364628934E-003 +0.000000000000000E+000 +5.473805364628934E-003
     8.80144033 +5.881402839007099E-003 +0.000000000000000E+000 +5.881402839007099E-003
     8.90432099 +6.343334697496089E-003 +0.000000000000000E+000 +6.343334697496089E-003
     9.00205761 +6.815780448450015E-003 +0.000000000000000E+000 +6.815780448450015E-003
     9.10493827 +7.351204496478664E-003 +0.000000000000000E+000 +7.351204496478664E-003
     9.20267490 +7.898810501797009E-003 +0.000000000000000E+000 +7.898810501797009E-003
     9.30041152 +8.487247013104949E-003 +0.000000000000000E+000 +8.487247013104949E-003
     9.40329218 +9.154108252030677E-003 +0.000000000000000E+000 +9.154108252030677E-003
     9.50102881 +9.836124232440128E-003 +0.000000000000000E+000 +9.836124232440128E-003
     9.60390947 +1.060902414777924E-002 +0.000000000000000E+000 +1.060902414777924E-002
     9.70164609 +1.139947757051229E-002 +0.000000000000000E+000 +1.139947757051229E-002
     9.80452675 +1.229525497547366E-002 +0.000000000000000E+000 +1.229525497547366E-002
     9.90226337 +1.321136803070678E-002 +0.000000000000000E+000 +1.321136803070678E-002
    10.00000000 +1.419574456826025E-002 +0.000000000000000E+000 +1.419574456826025E-002
    10.10288066 +1.531126881569156E-002 +0.000000000000000E+000 +1.531126881569156E-002
    10.20061728 +1.645209873410576E-002 +0.000000000000000E+000 +1.645209873410576E-002
    10.30349794 +1.774490100738469E-002 +0.000000000000000E+000 +1.774490100738469E-002
    10.40123457 +1.906700670919686E-002 +0.000000000000000E+000 +1.906700670919686E-002
    10.50411523 +2.056520297773976E-002 +0.000000000000000E+000 +2.056520297773976E-002
    10.60185185 +2.209732730930776E-002 +0.000000000000000E+000 +2.209732730930776E-002
    10.70473251 +2.383348223561148E-002 +0.000000000000000E+000 +2.383348223561148E-002
    10.80246914 +2.560892688849198E-002 +0.000000000000000E+000 +2.560892688849198E-002
    10.90020576 +2.751653786968095E-002 +0.000000000000000E+000 +2.751653786968095E-002
    11.00308642 +2.967815450467468E-002 +0.000000000000000E+000 +2.967815450467468E-002
    11.10082305 +3.188867486263695E-002 +0.000000000000000E+000 +3.188867486263695E-002
    11.20370370 +3.439353715414954E-002 +0.000000000000000E+000 +3.439353715414954E-002
    11.30144033 +3.695507751890684E-002 +0.000000000000000E+000 +3.695507751890684E-002
    11.40432099 +3.985771483948895E-002 +0.000000000000000E+000 +3.985771483948895E-002
    11.50205761 +4.282604979905021E-002 +0.000000000000000E+000 +4.282604979905021E-002
    11.60493827 +4.618967643434527E-002 +0.000000000000000E+000 +4.618967643434527E-002
    11.70267490 +4.962946474362368E-002 +0.000000000000000E+000 +4.962946474362368E-002
    11.80041152 +5.332539254495015E-002 +0.000000000000000E+000 +5.332539254495015E-002
    11.90329218 +5.751356738318613E-002 +0.000000000000000E+000 +5.751356738318613E-002
    12.00102881 +6.179663880402069E-002 +0.000000000000000E+000 +6.179663880402069E-002
    12.10390947 +6.665020263796829E-002 +0.000000000000000E+000 +6.665020263796829E-002
    12.20164609 +7.161378052904438E-002 +0.000000000000000E+000 +7.161378052904438E-002
    12.30452675 +7.723853140496681E-002 +0.000000000000000E+000 +7.723853140496681E-002
    12.40226337 +8.299081061610378E-002 +0.000000000000000E+000 +8.299081061610378E-002
    12.50000000 +8.917158781772469E-002 +0.000000000000000E+000 +8.917158781772469E-002
    12.60288066 +9.617573045725850E-002 +0.000000000000000E+000 +9.617573045725850E-002
    12.70061728 +1.033387333276726E-001 +0.000000000000000E+000 +1.033387333276726E-001
    12.80349794 +1.114559957440011E-001 +0.000000000000000E+000 +1.114559957440011E-001
    12.90123457 +1.197574172460584E-001 +0.000000000000000E+000 +1.197574172460584E-001
    13.00411523 +1.291648205948609E-001 +0.000000000000000E+000 +1.291648205948609E-001
    13.10185185 +1.387857151414811E-001 +0.000000000000000E+000 +1.387857151414811E-001
    13.20473251 +1.496884484139505E-001 +0.000000000000000E+000 +1.496884484139505E-001
    13.30246914 +1.608386668957856E-001 +0.000000000000000E+000 +1.608386668957856E-001
    13.40020576 +1.728197819099054E-001 +0.000000000000000E+000 +1.728197819099054E-001
    13.50308642 +1.863972739212607E-001 +0.000000000000000E+000 +1.863972739212607E-001
    13.60082305 +2.002830205858466E-001 +0.000000000000000E+000 +2.002830205858466E-001
    13.70370370 +2.160189403205832E-001 +0.000000000000000E+000 +2.160189403205832E-001
    13.80144033 +2.321121332386308E-001 +0.000000000000000E+000 +2.321121332386308E-001
    13.90432099 +2.503496407107750E-001 +0.000000000000000E+000 +2.503496407107750E-001
    14.00205761 +2.690012358269577E-001 +0.000000000000000E+000 +2.690012358269577E-001
    14.10493827 +2.901380576892182E-001 +0.000000000000000E+000 +2.901380576892182E-001
    14.20267490 +3.117548168498178E-001 +0.000000000000000E+000 +3.117548168498178E-001
    14.30041152 +3.349825369915729E-001 +0.000000000000000E+000 +3.349825369915729E-001
    14.40329218 +3.613052419054799E-001 +0.000000000000000E+000 +3.613052419054799E-001
    14.50102881 +3.882256288721975E-001 +0.000000000000000E+000 +3.882256288721975E-001
    14.60390947 +4.187330012225913E-001 +0.000000000000000E+000 +4.187330012225913E-001
    14.70164609 +4.499330299832901E-001 +0.000000000000000E+000 +4.499330299832901E-001
    14.80452675 +4.852902255647191E-001 +0.000000000000000E+000 +4.852902255647191E-001
    14.90226337 +5.214501307280303E-001 +0.000000000000000E+000 +5.214501307280303E-001
    15.00000000 +5.603046436065504E-001 +0.000000000000000E+000 +5.603046436065504E-001
    15.10288066 +6.043361173894607E-001 +0.000000000000000E+000 +6.043361173894607E-001
    15.20061728 +6.493671217993395E-001 +0.000000000000000E+000 +6.493671217993395E-001
    15.30349794 +7.003979541133627E-001 +0.000000000000000E+000 +7.003979541133627E-001
    15.40123457 +7.525871133541112E-001 +0.000000000000000E+000 +7.525871133541112E-001
    15.50411523 +8.117297300235081E-001 +0.000000000000000E+000 +8.117297300235081E-001
    15.60185185 +8.722146915046481E-001 +0.000000000000000E+000 +8.722146915046481E-001
    15.70473251 +9.407582907236729E-001 +0.000000000000000E+000 +9.407582907236729E-001
    15.80246914 +1.010857498305280E+000 +0.000000000000000E+000 +1.010857498305280E+000
    15.90020576 +1.086179905583569E+000 +0.000000000000000E+000 +1.086179905583569E+000
    16.00308642 +1.171537641904775E+000 +0.000000000000000E+000 +1.171537641904775E+000
    16.10082305 +1.258832452904616E+000 +0.000000000000000E+000 +1.258832452904616E+000
    16.20370370 +1.357757622852592E+000 +0.000000000000000E+000 +1.357757622852592E+000
    16.30144033 +1.458927700327830E+000 +0.000000000000000E+000 +1.458927700327830E+000
    16.40432099 +1.573576689286474E+000 +0.000000000000000E+000 +1.573576689286474E+000
    16.50205761 +1.690827345332037E+000 +0.000000000000000E+000 +1.690827345332037E+000
    16.60493827 +1.823699255979138E+000 +0.000000000000000E+000 +1.823699255979138E+000
    16.70267490 +1.959586267501126E+000 +0.000000000000000E+000 +1.959586267501126E+000
    16.80041152 +2.105597990860812E+000 +0.000000000000000E+000 +2.105597990860812E+000
    16.90329218 +2.271062604711195E+000 +0.000000000000000E+000 +2.271062604711195E+000
    17.00102881 +2.440281704792115E+000 +0.000000000000000E+000 +2.440281704792115E+000
    17.10390947 +2.632045423789617E+000 +0.000000000000000E+000 +2.632045423789617E+000
    17.20164609 +2.828160225401539E+000 +0.000000000000000E+000 +2.828160225401539E+000
    17.30452675 +3.050402733218358E+000 +0.000000000000000E+000 +3.050402733218358E+000
    17.40226337 +3.277687724569498E+000 +0.000000000000000E+000 +3.277687724569498E+000
    17.50000000 +3.521906721343748E+000 +0.000000000000000E+000 +3.521906721343748E+000
    17.60288066 +3.798661889968754E+000 +0.000000000000000E+000 +3.798661889968754E+000
    17.70061728 +4.081696080194323E+000 +0.000000000000000E+000 +4.081696080194323E+000
    17.80349794 +4.402437374926373E+000 +0.000000000000000E+000 +4.402437374926373E+000
    17.90123457 +4.730455410719871E+000 +0.000000000000000E+000 +4.730455410719871E+000
    18.00411523 +5.102173242616223E+000 +0.000000000000000E+000 +5.102173242616223E+000
    18.10185185 +5.482324076291542E+000 +0.000000000000000E+000 +5.482324076291542E+000
    18.20473251 +5.913119750753362E+000 +0.000000000000000E+000 +5.913119750753362E+000
    18.30246914 +6.353688416816687E+000 +0.000000000000000E+000 +6.353688416816687E+000
    18.40020576 +6.827080488954327E+000 +0.000000000000000E+000 +6.827080488954327E+000
    18.50308642 +7.363538761162467E+000 +0.000000000000000E+000 +7.363538761162467E+000
    18.60082305 +7.912166533993829E+000 +0.000000000000000E+000 +7.912166533993829E+000
    18.70370370 +8.533883118734865E+000 +0.000000000000000E+000 +8.533883118734865E+000
    18.80144033 +9.169702831555151E+000 +0.000000000000000E+000 +9.169702831555151E+000
    18.90432099 +9.890226662859648E+000 +0.000000000000000E+000 +9.890226662859648E+000
    19.00205761 +1.062709449750921E+001 +0.000000000000000E+000 +1.062709449750921E+001
    19.10493827 +1.146212762195968E+001 +0.000000000000000E+000 +1.146212762195968E+001
    19.20267490 +1.231610179620794E+001 +0.000000000000000E+000 +1.231610179620794E+001
    19.30041152 +1.323369664976640E+001 +0.000000000000000E+000 +1.323369664976640E+001
    19.40329218 +1.427353266574349E+001 +0.000000000000000E+000 +1.427353266574349E+001
    19.50102881 +1.533695490039984E+001 +0.000000000000000E+000 +1.533695490039984E+001
    19.60390947 +1.654204515445626E+001 +0.000000000000000E+000 +1.654204515445626E+001
    19.70164609 +1.777446995288926E+001 +0.000000000000000E+000 +1.777446995288926E+001
    19.80452675 +1.917107708122681E+001 +0.000000000000000E+000 +1.917107708122681E+001
    19.90226337 +2.059936284762097E+001 +0.000000000000000E+000 +2.059936284762097E+001
    20.00000000 +2.213405490275976E+001 +0.000000000000000E+000 +2.213405490275976E+001
    20.10288066 +2.387319713817664E+001 +0.000000000000000E+000 +2.387319713817664E+001
    20.20061728 +2.565178783274351E+001 +0.000000000000000E+000 +2.565178783274351E+001
    20.30349794 +2.766732099613305E+001 +0.000000000000000E+000 +2.766732099613305E+001
    20.40123457 +2.972857238381599E+001 +0.000000000000000E+000 +2.972857238381599E+001
    20.50411523 +3.206442271985549E+001 +0.000000000000000E+000 +3.206442271985549E+001
    20.60185185 +3.445325774845251E+001 +0.000000000000000E+000 +3.445325774845251E+001
    20.70473251 +3.716033314452694E+001 +0.000000000000000E+000 +3.716033314452694E+001
    20.80246914 +3.992881474060961E+001 +0.000000000000000E+000 +3.992881474060961E+001
    20.90020576 +4.290354958545876E+001 +0.000000000000000E+000 +4.290354958545876E+001
    21.00308642 +4.627457993662827E+001 +0.000000000000000E+000 +4.627457993662827E+001
    21.10082305 +4.972207897888400E+001 +0.000000000000000E+000 +4.972207897888400E+001
    21.20370370 +5.362885652510537E+001 +0.000000000000000E+000 +5.362885652510537E+001
    21.30144033 +5.762425677514223E+001 +0.000000000000000E+000 +5.762425677514223E+001
    21.40432099 +6.215192847947837E+001 +0.000000000000000E+000 +6.215192847947837E+001
    21.50205761 +6.678230849783860E+001 +0.000000000000000E+000 +6.678230849783860E+001
    21.60493827 +7.202955367122652E+001 +0.000000000000000E+000 +7.202955367122652E+001
    21.70267490 +7.739583127081835E+001 +0.000000000000000E+000 +7.739583127081835E+001
    21.80041152 +8.316190497891616E+001 +0.000000000000000E+000 +8.316190497891616E+001
    21.90329218 +8.969614361347570E+001 +0.000000000000000E+000 +8.969614361347570E+001
    22.00102881 +9.637861075964091E+001 +0.000000000000000E+000 +9.637861075964091E+001
    22.10390947 +1.039513265996411E+002 +0.000000000000000E+000 +1.039513265996411E+002
    22.20164609 +1.116958290394599E+002 +0.000000000000000E+000 +1.116958290394599E+002
    22.30452675 +1.204720664394347E+002 +0.000000000000000E+000 +1.204720664394347E+002
    22.40226337 +1.294473924276019E+002 +0.000000000000000E+000 +1.294473924276019E+002
    22.50000000 +1.390913956905291E+002 +0.000000000000000E+000 +1.390913956905291E+002
    22.60288066 +1.500201884620890E+002 +0.000000000000000E+000 +1.500201884620890E+002
    22.70061728 +1.611969002213021E+002 +0.000000000000000E+000 +1.611969002213021E+002
    22.80349794 +1.738625908236139E+002 +0.000000000000000E+000 +1.738625908236139E+002
    22.90123457 +1.868156010029877E+002 +0.000000000000000E+000 +1.868156010029877E+002
    23.00411523 +2.014942299991211E+002 +0.000000000000000E+000 +2.014942299991211E+002
    23.10185185 +2.165058402862333E+002 +0.000000000000000E+000 +2.165058402862333E+002
    23.20473251 +2.335173171339553E+002 +0.000000000000000E+000 +2.335173171339553E+002
    23.30246914 +2.509146932892920E+002 +0.000000000000000E+000 +2.509146932892920E+002
    23.40020576 +2.696081972799875E+002 +0.000000000000000E+000 +2.696081972799875E+002
    23.50308642 +2.907920708371792E+002 +0.000000000000000E+000 +2.907920708371792E+002
    23.60082305 +3.124564893891606E+002 +0.000000000000000E+000 +3.124564893891606E+002
    23.70370370 +3.370070635761647E+002 +0.000000000000000E+000 +3.370070635761647E+002
    23.80144033 +3.621145522499397E+002 +0.000000000000000E+000 +3.621145522499397E+002
    23.90432099 +3.905668834306713E+002 +0.000000000000000E+000 +3.905668834306713E+002
    24.00205761 +4.196646358422926E+002 +0.000000000000000E+000 +4.196646358422926E+002
    24.10493827 +4.526388151654628E+002 +0.000000000000000E+000 +4.526388151654628E+002
    24.20267490 +4.863609888021487E+002 +0.000000000000000E+000 +4.863609888021487E+002
    24.30041152 +5.225954970991628E+002 +0.000000000000000E+000 +5.225954970991628E+002
    24.40329218 +5.636571944556562E+002 +0.000000000000000E+000 +5.636571944556562E+002
    24.50102881 +6.056503435338071E+002 +0.000000000000000E+000 +6.056503435338071E+002
    24.60390947 +6.532378515999976E+002 +0.000000000000000E+000 +6.532378515999976E+002
    24.70164609 +7.019048440147310E+002 +0.000000000000000E+000 +7.019048440147310E+002
    24.80452675 +7.570552901524471E+002 +0.000000000000000E+000 +7.570552901524471E+002
    24.90226337 +8.134567804936455E+002 +0.000000000000000E+000 +8.134567804936455E+002
    25.00000000 +8.740602363014848E+002 +0.000000000000000E+000 +8.740602363014848E+002
    25.10288066 +9.427373325056935E+002 +0.000000000000000E+000 +9.427373325056935E+002
    25.20061728 +1.012972316568598E+003 +0.000000000000000E+000 +1.012972316568598E+003
    25.30349794 +1.092564062871198E+003 +0.000000000000000E+000 +1.092564062871198E+003
    25.40123457 +1.173961289799404E+003 +0.000000000000000E+000 +1.173961289799404E+003
    25.50411523 +1.266202324786342E+003 +0.000000000000000E+000 +1.266202324786342E+003
    25.60185185 +1.360535783121040E+003 +0.000000000000000E+000 +1.360535783121040E+003
    25.70473251 +1.467436428609513E+003 +0.000000000000000E+000 +1.467436428609513E+003
    25.80246914 +1.576762043780571E+003 +0.000000000000000E+000 +1.576762043780571E+003
    25.90020576 +1.694232537069801E+003 +0.000000000000000E+000 +1.694232537069801E+003
    26.00308642 +1.827352559287333E+003 +0.000000000000000E+000 +1.827352559287333E+003
    26.10082305 +1.963492325146399E+003 +0.000000000000000E+000 +1.963492325146399E+003
    26.20370370 +2.117768760827710E+003 +0.000000000000000E+000 +2.117768760827710E+003
    26.30144033 +2.275544862513314E+003 +0.000000000000000E+000 +2.275544862513314E+003
    26.40432099 +2.454340049655670E+003 +0.000000000000000E+000 +2.454340049655670E+003
    26.50205761 +2.637191097468395E+003 +0.000000000000000E+000 +2.637191097468395E+003
    26.60493827 +2.844401741104900E+003 +0.000000000000000E+000 +2.844401741104900E+003
    26.70267490 +3.056312834223442E+003 +0.000000000000000E+000 +3.056312834223442E+003
    26.80041152 +3.284011548636248E+003 +0.000000000000000E+000 +3.284011548636248E+003
    26.90329218 +3.542044510621457E+003 +0.000000000000000E+000 +3.542044510621457E+003
    27.00102881 +3.805930797135670E+003 +0.000000000000000E+000 +3.805930797135670E+003
    27.10390947 +4.104972275639660E+003 +0.000000000000000E+000 +4.104972275639660E+003
    27.20164609 +4.410797332515615E+003 +0.000000000000000E+000 +4.410797332515615E+003
    27.30452675 +4.757364705491147E+003 +0.000000000000000E+000 +4.757364705491147E+003
    27.40226337 +5.111793752932726E+003 +0.000000000000000E+000 +5.111793752932726E+003
    27.50000000 +5.492628173750366E+003 +0.000000000000000E+000 +5.492628173750366E+003
    27.60288066 +5.924197730863872E+003 +0.000000000000000E+000 +5.924197730863872E+003
    27.70061728 +6.365557185066960E+003 +0.000000000000000E+000 +6.365557185066960E+003
    27.80349794 +6.865714979394971E+003 +0.000000000000000E+000 +6.865714979394971E+003
    27.90123457 +7.377218553558835E+003 +0.000000000000000E+000 +7.377218553558835E+003
    28.00411523 +7.956865136411127E+003 +0.000000000000000E+000 +7.956865136411127E+003
    28.10185185 +8.549660654995598E+003 +0.000000000000000E+000 +8.549660654995598E+003
    28.20473251 +9.221428975804136E+003 +0.000000000000000E+000 +9.221428975804136E+003
    28.30246914 +9.908435960126941E+003 +0.000000000000000E+000 +9.908435960126941E+003
    28.40020576 +1.064662575931721E+004 +0.000000000000000E+000 +1.064662575931721E+004
    28.50308642 +1.148315793388337E+004 +0.000000000000000E+000 +1.148315793388337E+004
    28.60082305 +1.233866634724106E+004 +0.000000000000000E+000 +1.233866634724106E+004
    28.70370370 +1.330814644402868E+004 +0.000000000000000E+000 +1.330814644402868E+004
    28.80144033 +1.429961863249468E+004 +0.000000000000000E+000 +1.429961863249468E+004
    28.90432099 +1.542317574414900E+004 +0.000000000000000E+000 +1.542317574414900E+004
    29.00205761 +1.657222010624576E+004 +0.000000000000000E+000 +1.657222010624576E+004
    29.10493827 +1.787434132869416E+004 +0.000000000000000E+000 +1.787434132869416E+004
    29.20267490 +1.920600044028168E+004 +0.000000000000000E+000 +1.920600044028168E+004
    29.30041152 +2.063686974897574E+004 +0.000000000000000E+000 +2.063686974897574E+004
    29.40329218 +2.225836094883099E+004 +0.000000000000000E+000 +2.225836094883099E+004
    29.50102881 +2.391663479030535E+004 +0.000000000000000E+000 +2.391663479030535E+004
    29.60390947 +2.579582560697391E+004 +0.000000000000000E+000 +2.579582560697391E+004
    29.70164609 +2.771764485622670E+004 +0.000000000000000E+000 +2.771764485622670E+004
    29.80452675 +2.989549089251177E+004 +0.000000000000000E+000 +2.989549089251177E+004
    29.90226337 +3.212274021062348E+004 +0.000000000000000E+000 +3.212274021062348E+004
    30.00000000 +3.451592233355352E+004 +0.000000000000000E+000 +3.451592233355352E+004
    30.10288066 +3.722792672889824E+004 +0.000000000000000E+000 +3.722792672889824E+004
    30.20061728 +4.000145152943738E+004 +0.000000000000000E+000 +4.000145152943738E+004
    30.30349794 +4.314446827459601E+004 +0.000000000000000E+000 +4.314446827459601E+004
    30.40123457 +4.635878272857591E+004 +0.000000000000000E+000 +4.635878272857591E+004
    30.50411523 +5.000131160898536E+004 +0.000000000000000E+000 +5.000131160898536E+004
    30.60185185 +5.372646938187972E+004 +0.000000000000000E+000 +5.372646938187972E+004
    30.70473251 +5.794789668447502E+004 +0.000000000000000E+000 +5.794789668447502E+004
    30.80246914 +6.226508489661686E+004 +0.000000000000000E+000 +6.226508489661686E+004
    30.90020576 +6.690390898332318E+004 +0.000000000000000E+000 +6.690390898332318E+004
    31.00308642 +7.216072221052533E+004 +0.000000000000000E+000 +7.216072221052533E+004
    31.10082305 +7.753678354118693E+004 +0.000000000000000E+000 +7.753678354118693E+004
    31.20370370 +8.362904954419803E+004 +0.000000000000000E+000 +8.362904954419803E+004
    31.30144033 +8.985951545623211E+004 +0.000000000000000E+000 +8.985951545623211E+004
    31.40432099 +9.692001072262890E+004 +0.000000000000000E+000 +9.692001072262890E+004
    31.50205761 +1.041406696611229E+005 +0.000000000000000E+000 +1.041406696611229E+005
    31.60493827 +1.123232725092970E+005 +0.000000000000000E+000 +1.123232725092970E+005
    31.70267490 +1.206914934342356E+005 +0.000000000000000E+000 +1.206914934342356E+005
    31.80041152 +1.296831571129133E+005 +0.000000000000000E+000 +1.296831571129133E+005
    31.90329218 +1.398726998047896E+005 +0.000000000000000E+000 +1.398726998047896E+005
    32.00102881 +1.502933869139901E+005 +0.000000000000000E+000 +1.502933869139901E+005
    32.10390947 +1.621023290292074E+005 +0.000000000000000E+000 +1.621023290292074E+005
    32.20164609 +1.741791507559980E+005 +0.000000000000000E+000 +1.741791507559980E+005
    32.30452675 +1.878648594693561E+005 +0.000000000000000E+000 +1.878648594693561E+005
    32.40226337 +2.018610212214338E+005 +0.000000000000000E+000 +2.018610212214338E+005
    32.50000000 +2.168999141189824E+005 +0.000000000000000E+000 +2.168999141189824E+005
    32.60288066 +2.339423042118702E+005 +0.000000000000000E+000 +2.339423042118702E+005
    32.70061728 +2.513712918316589E+005 +0.000000000000000E+000 +2.513712918316589E+005
    32.80349794 +2.711221875604133E+005 +0.000000000000000E+000 +2.711221875604133E+005
    32.90123457 +2.913211217964432E+005 +0.000000000000000E+000 +2.913211217964432E+005
    33.00411523 +3.142109793286884E+005 +0.000000000000000E+000 +3.142109793286884E+005
    33.10185185 +3.376200810224977E+005 +0.000000000000000E+000 +3.376200810224977E+005
    33.20473251 +3.641477678925020E+005 +0.000000000000000E+000 +3.641477678925020E+005
    33.30246914 +3.912772211308504E+005 +0.000000000000000E+000 +3.912772211308504E+005
    33.40020576 +4.204278516668011E+005 +0.000000000000000E+000 +4.204278516668011E+005
    33.50308642 +4.534619599038672E+005 +0.000000000000000E+000 +4.534619599038672E+005
    33.60082305 +4.872454292073346E+005 +0.000000000000000E+000 +4.872454292073346E+005
    33.70370370 +5.255295678881322E+005 +0.000000000000000E+000 +5.255295678881322E+005
    33.80144033 +5.646821617851758E+005 +0.000000000000000E+000 +5.646821617851758E+005
    33.90432099 +6.090507055184746E+005 +0.000000000000000E+000 +6.090507055184746E+005
    34.00205761 +6.544257259685184E+005 +0.000000000000000E+000 +6.544257259685184E+005
    34.10493827 +7.058456545096909E+005 +0.000000000000000E+000 +7.058456545096909E+005
    34.20267490 +7.584320166958813E+005 +0.000000000000000E+000 +7.584320166958813E+005
    34.30041152 +8.149361270136054E+005 +0.000000000000000E+000 +8.149361270136054E+005
    34.40329218 +8.789677745663017E+005 +0.000000000000000E+000 +8.789677745663017E+005
    34.50102881 +9.444519459296822E+005 +0.000000000000000E+000 +9.444519459296822E+005
    34.60390947 +1.018659987773041E+006 +0.000000000000000E+000 +1.018659987773041E+006
    34.70164609 +1.094551399537350E+006 +0.000000000000000E+000 +1.094551399537350E+006
    34.80452675 +1.180553145367528E+006 +0.000000000000000E+000 +1.180553145367528E+006
    34.90226337 +1.268505795037692E+006 +0.000000000000000E+000 +1.268505795037692E+006
    35.00000000 +1.363011024509624E+006 +0.000000000000000E+000 +1.363011024509624E+006
    35.10288066 +1.470106340543643E+006 +0.000000000000000E+000 +1.470106340543643E+006
    35.20061728 +1.579631056861454E+006 +0.000000000000000E+000 +1.579631056861454E+006
    35.30349794 +1.703746771670058E+006 +0.000000000000000E+000 +1.703746771670058E+006
    35.40123457 +1.830677985467490E+006 +0.000000000000000E+000 +1.830677985467490E+006
    35.50411523 +1.974519109758414E+006 +0.000000000000000E+000 +1.974519109758414E+006
    35.60185185 +2.121623193464374E+006 +0.000000000000000E+000 +2.121623193464374E+006
    35.70473251 +2.288324638714668E+006 +0.000000000000000E+000 +2.288324638714668E+006
    35.80246914 +2.458807617593055E+006 +0.000000000000000E+000 +2.458807617593055E+006
    35.90020576 +2.641991786602805E+006 +0.000000000000000E+000 +2.641991786602805E+006
    36.00308642 +2.849579944229068E+006 +0.000000000000000E+000 +2.849579944229068E+006
    36.10082305 +3.061877128767260E+006 +0.000000000000000E+000 +3.061877128767260E+006
    36.20370370 +3.302456768587017E+006 +0.000000000000000E+000 +3.302456768587017E+006
    36.30144033 +3.548493829503474E+006 +0.000000000000000E+000 +3.548493829503474E+006
    36.40432099 +3.827308207649162E+006 +0.000000000000000E+000 +3.827308207649162E+006
    36.50205761 +4.112447341543287E+006 +0.000000000000000E+000 +4.112447341543287E+006
    36.60493827 +4.435573012103124E+006 +0.000000000000000E+000 +4.435573012103124E+006
    36.70267490 +4.766028616450152E+006 +0.000000000000000E+000 +4.766028616450152E+006
    36.80041152 +5.121103566684666E+006 +0.000000000000000E+000 +5.121103566684666E+006
    36.90329218 +5.523481976855335E+006 +0.000000000000000E+000 +5.523481976855335E+006
    37.00102881 +5.934988126947749E+006 +0.000000000000000E+000 +5.934988126947749E+006
    37.10390947 +6.401315560988837E+006 +0.000000000000000E+000 +6.401315560988837E+006
    37.20164609 +6.878221384463815E+006 +0.000000000000000E+000 +6.878221384463815E+006
    37.30452675 +7.418661105421227E+006 +0.000000000000000E+000 +7.418661105421227E+006
    37.40226337 +7.971360413541079E+006 +0.000000000000000E+000 +7.971360413541079E+006
    37.50000000 +8.565236494629227E+006 +0.000000000000000E+000 +8.565236494629227E+006
    37.60288066 +9.238229374436408E+006 +0.000000000000000E+000 +9.238229374436408E+006
    37.70061728 +9.926488739190109E+006 +0.000000000000000E+000 +9.926488739190109E+006
    37.80349794 +1.070643874339388E+007 +0.000000000000000E+000 +1.070643874339388E+007
    37.90123457 +1.150408149793855E+007 +0.000000000000000E+000 +1.150408149793855E+007
    38.00411523 +1.240798706265794E+007 +0.000000000000000E+000 +1.240798706265794E+007
    38.10185185 +1.333239724359636E+007 +0.000000000000000E+000 +1.333239724359636E+007
    38.20473251 +1.437995832517018E+007 +0.000000000000000E+000 +1.437995832517018E+007
    38.30246914 +1.545128277187780E+007 +0.000000000000000E+000 +1.545128277187780E+007
    38.40020576 +1.660242219741008E+007 +0.000000000000000E+000 +1.660242219741008E+007
    38.50308642 +1.790691763309285E+007 +0.000000000000000E+000 +1.790691763309285E+007
    38.60082305 +1.924100485296306E+007 +0.000000000000000E+000 +1.924100485296306E+007
    38.70370370 +2.075282058144870E+007 +0.000000000000000E+000 +2.075282058144870E+007
    38.80144033 +2.229893104460573E+007 +0.000000000000000E+000 +2.229893104460573E+007
    38.90432099 +2.405101597686334E+007 +0.000000000000000E+000 +2.405101597686334E+007
    39.00205761 +2.584284602276717E+007 +0.000000000000000E+000 +2.584284602276717E+007
    39.10493827 +2.787338556018203E+007 +0.000000000000000E+000 +2.787338556018203E+007
    39.20267490 +2.994998680570109E+007 +0.000000000000000E+000 +2.994998680570109E+007
    39.30041152 +3.218129737876404E+007 +0.000000000000000E+000 +3.218129737876404E+007
    39.40329218 +3.470986550343946E+007 +0.000000000000000E+000 +3.470986550343946E+007
    39.50102881 +3.729579284953327E+007 +0.000000000000000E+000 +3.729579284953327E+007
    39.60390947 +4.022622016835681E+007 +0.000000000000000E+000 +4.022622016835681E+007
    39.70164609 +4.322312267042953E+007 +0.000000000000000E+000 +4.322312267042953E+007
    39.80452675 +4.661927568964969E+007 +0.000000000000000E+000 +4.661927568964969E+007
    39.90226337 +5.009246863161741E+007 +0.000000000000000E+000 +5.009246863161741E+007
    40.00000000 +5.382441868722696E+007 +0.000000000000000E+000 +5.382441868722696E+007
    40.10288066 +5.805354307149010E+007 +0.000000000000000E+000 +5.805354307149010E+007
    40.20061728 +6.237860289027324E+007 +0.000000000000000E+000 +6.237860289027324E+007
    40.30349794 +6.727985174681261E+007 +0.000000000000000E+000 +6.727985174681261E+007
    40.40123457 +7.229228282350723E+007 +0.000000000000000E+000 +7.229228282350723E+007
    40.50411523 +7.797247526291420E+007 +0.000000000000000E+000 +7.797247526291420E+007
    40.60185185 +8.378151984270097E+007 +0.000000000000000E+000 +8.378151984270097E+007
    40.70473251 +9.036445147739770E+007 +0.000000000000000E+000 +9.036445147739770E+007
    40.80246914 +9.709671341018052E+007 +0.000000000000000E+000 +9.709671341018052E+007
    40.90020576 +1.043305370738802E+008 +0.000000000000000E+000 +1.043305370738802E+008
    41.00308642 +1.125280583667048E+008 +0.000000000000000E+000 +1.125280583667048E+008
    41.10082305 +1.209115360637650E+008 +0.000000000000000E+000 +1.209115360637650E+008
    41.20370370 +1.304118695143481E+008 +0.000000000000000E+000 +1.304118695143481E+008
    41.30144033 +1.401277129688139E+008 +0.000000000000000E+000 +1.401277129688139E+008
    41.40432099 +1.511379113500243E+008 +0.000000000000000E+000 +1.511379113500243E+008
    41.50205761 +1.623978702166018E+008 +0.000000000000000E+000 +1.623978702166018E+008
    41.60493827 +1.751578926957712E+008 +0.000000000000000E+000 +1.751578926957712E+008
    41.70267490 +1.882073694876635E+008 +0.000000000000000E+000 +1.882073694876635E+008
    41.80041152 +2.022290482265699E+008 +0.000000000000000E+000 +2.022290482265699E+008
    41.90329218 +2.181187098159591E+008 +0.000000000000000E+000 +2.181187098159591E+008
    42.00102881 +2.343688199138185E+008 +0.000000000000000E+000 +2.343688199138185E+008
    42.10390947 +2.527837868411142E+008 +0.000000000000000E+000 +2.527837868411142E+008
    42.20164609 +2.716164874829790E+008 +0.000000000000000E+000 +2.716164874829790E+008
    42.30452675 +2.929581003938673E+008 +0.000000000000000E+000 +2.929581003938673E+008
    42.40226337 +3.147838364241419E+008 +0.000000000000000E+000 +3.147838364241419E+008
    42.50000000 +3.382356164246627E+008 +0.000000000000000E+000 +3.382356164246627E+008
    42.60288066 +3.648116673243501E+008 +0.000000000000000E+000 +3.648116673243501E+008
    42.70061728 +3.919905817803692E+008 +0.000000000000000E+000 +3.919905817803692E+008
    42.80349794 +4.227902999238375E+008 +0.000000000000000E+000 +4.227902999238375E+008
    42.90123457 +4.542886932648338E+008 +0.000000000000000E+000 +4.542886932648338E+008
    43.00411523 +4.899833358320776E+008 +0.000000000000000E+000 +4.899833358320776E+008
    43.10185185 +5.264876923496055E+008 +0.000000000000000E+000 +5.264876923496055E+008
    43.20473251 +5.678551977945435E+008 +0.000000000000000E+000 +5.678551977945435E+008
    43.30246914 +6.101611030619562E+008 +0.000000000000000E+000 +6.101611030619562E+008
    43.40020576 +6.556188499013530E+008 +0.000000000000000E+000 +6.556188499013530E+008
    43.50308642 +7.071325257826375E+008 +0.000000000000000E+000 +7.071325257826375E+008
    43.60082305 +7.598147619575866E+008 +0.000000000000000E+000 +7.598147619575866E+008
    43.70370370 +8.195153812737311E+008 +0.000000000000000E+000 +8.195153812737311E+008
    43.80144033 +8.805702773340919E+008 +0.000000000000000E+000 +8.805702773340919E+008
    43.90432099 +9.497589711283722E+008 +0.000000000000000E+000 +9.497589711283722E+008
    44.00205761 +1.020517173582152E+009 +0.000000000000000E+000 +1.020517173582152E+009
    44.10493827 +1.100701858495883E+009 +0.000000000000000E+000 +1.100701858495883E+009
    44.20267490 +1.182705490270287E+009 +0.000000000000000E+000 +1.182705490270287E+009
    44.30041152 +1.270818492690145E+009 +0.000000000000000E+000 +1.270818492690145E+009
    44.40329218 +1.370670002351266E+009 +0.000000000000000E+000 +1.370670002351266E+009
    44.50102881 +1.472786590316549E+009 +0.000000000000000E+000 +1.472786590316549E+009
    44.60390947 +1.588507257979987E+009 +0.000000000000000E+000 +1.588507257979987E+009
    44.70164609 +1.706852987344050E+009 +0.000000000000000E+000 +1.706852987344050E+009
    44.80452675 +1.840964859764719E+009 +0.000000000000000E+000 +1.840964859764719E+009
    44.90226337 +1.978118988569848E+009 +0.000000000000000E+000 +1.978118988569848E+009
    45.00000000 +2.125491267359441E+009 +0.000000000000000E+000 +2.125491267359441E+009
    45.10288066 +2.292496636778266E+009 +0.000000000000000E+000 +2.292496636778266E+009
    45.20061728 +2.463290434040303E+009 +0.000000000000000E+000 +2.463290434040303E+009
    45.30349794 +2.656837561360520E+009 +0.000000000000000E+000 +2.656837561360520E+009
    45.40123457 +2.854775202164481E+009 +0.000000000000000E+000 +2.854775202164481E+009
    45.50411523 +3.079082304532828E+009 +0.000000000000000E+000 +3.079082304532828E+009
    45.60185185 +3.308477694034541E+009 +0.000000000000000E+000 +3.308477694034541E+009
    45.70473251 +3.568433379608039E+009 +0.000000000000000E+000 +3.568433379608039E+009
    45.80246914 +3.834286021436616E+009 +0.000000000000000E+000 +3.834286021436616E+009
    45.90020576 +4.119945009544808E+009 +0.000000000000000E+000 +4.119945009544808E+009
    46.00308642 +4.443659789757072E+009 +0.000000000000000E+000 +4.443659789757072E+009
    46.10082305 +4.774717867324793E+009 +0.000000000000000E+000 +4.774717867324793E+009
    46.20370370 +5.149879851645057E+009 +0.000000000000000E+000 +5.149879851645057E+009
    46.30144033 +5.533552185742310E+009 +0.000000000000000E+000 +5.533552185742310E+009
    46.40432099 +5.968337753418191E+009 +0.000000000000000E+000 +5.968337753418191E+009
    46.50205761 +6.412986200100462E+009 +0.000000000000000E+000 +6.412986200100462E+009
    46.60493827 +6.916871182482783E+009 +0.000000000000000E+000 +6.916871182482783E+009
    46.70267490 +7.432186527287533E+009 +0.000000000000000E+000 +7.432186527287533E+009
    46.80041152 +7.985893494207721E+009 +0.000000000000000E+000 +7.985893494207721E+009
    46.90329218 +8.613365888081043E+009 +0.000000000000000E+000 +8.613365888081043E+009
    47.00102881 +9.255072158975870E+009 +0.000000000000000E+000 +9.255072158975870E+009
    47.10390947 +9.982267217043411E+009 +0.000000000000000E+000 +9.982267217043411E+009
    47.20164609 +1.072595830765071E+010 +0.000000000000000E+000 +1.072595830765071E+010
    47.30452675 +1.156872471082799E+010 +0.000000000000000E+000 +1.156872471082799E+010
    47.40226337 +1.243060882094751E+010 +0.000000000000000E+000 +1.243060882094751E+010
    47.50000000 +1.335670434917510E+010 +0.000000000000000E+000 +1.335670434917510E+010
    47.60288066 +1.440617530180540E+010 +0.000000000000000E+000 +1.440617530180540E+010
    47.70061728 +1.547945294397663E+010 +0.000000000000000E+000 +1.547945294397663E+010
    47.80349794 +1.669571376722159E+010 +0.000000000000000E+000 +1.669571376722159E+010
    47.90123457 +1.793956481937801E+010 +0.000000000000000E+000 +1.793956481937801E+010
    48.00411523 +1.934912302244326E+010 +0.000000000000000E+000 +1.934912302244326E+010
    48.10185185 +2.079065630251696E+010 +0.000000000000000E+000 +2.079065630251696E+010
    48.20473251 +2.242423216869131E+010 +0.000000000000000E+000 +2.242423216869131E+010
    48.30246914 +2.409486483323348E+010 +0.000000000000000E+000 +2.409486483323348E+010
    48.40020576 +2.588996167023736E+010 +0.000000000000000E+000 +2.588996167023736E+010
    48.50308642 +2.792420320382363E+010 +0.000000000000000E+000 +2.792420320382363E+010
    48.60082305 +3.000459042301857E+010 +0.000000000000000E+000 +3.000459042301857E+010
    48.70370370 +3.236212902482964E+010 +0.000000000000000E+000 +3.236212902482964E+010
    48.80144033 +3.477314713402966E+010 +0.000000000000000E+000 +3.477314713402966E+010
    48.90432099 +3.750536362221815E+010 +0.000000000000000E+000 +3.750536362221815E+010
    49.00205761 +4.029955898606618E+010 +0.000000000000000E+000 +4.029955898606618E+010
    49.10493827 +4.346600000747102E+010 +0.000000000000000E+000 +4.346600000747102E+010
    49.20267490 +4.670427005677031E+010 +0.000000000000000E+000 +4.670427005677031E+010
    49.30041152 +5.018379517693721E+010 +0.000000000000000E+000 +5.018379517693721E+010
    49.40329218 +5.412686630862877E+010 +0.000000000000000E+000 +5.412686630862877E+010
    49.50102881 +5.815938390857356E+010 +0.000000000000000E+000 +5.815938390857356E+010
    49.60390947 +6.272911776225760E+010 +0.000000000000000E+000 +6.272911776225760E+010
    49.70164609 +6.740251359423374E+010 +0.000000000000000E+000 +6.740251359423374E+010
    49.80452675 +7.269850415490129E+010 +0.000000000000000E+000 +7.269850415490129E+010
    49.90226337 +7.811463144039731E+010 +0.000000000000000E+000 +7.811463144039731E+010
    50.00000000 +8.393426681884334E+010 +0.000000000000000E+000 +8.393426681884334E+010
    50.10288066 +9.052920016899245E+010 +0.000000000000000E+000 +9.052920016899245E+010
    50.20061728 +9.727373606922896E+010 +0.000000000000000E+000 +9.727373606922896E+010
    50.30349794 +1.049167861655388E+011 +0.000000000000000E+000 +1.049167861655388E+011
    50.40123457 +1.127332147820117E+011 +0.000000000000000E+000 +1.127332147820117E+011
    50.50411523 +1.215909562743215E+011 +0.000000000000000E+000 +1.215909562743215E+011
    50.60185185 +1.306496309140703E+011 +0.000000000000000E+000 +1.306496309140703E+011
    50.70473251 +1.409151117569060E+011 +0.000000000000000E+000 +1.409151117569060E+011
    50.80246914 +1.514134595644723E+011 +0.000000000000000E+000 +1.514134595644723E+011
    50.90020576 +1.626939470965158E+011 +0.000000000000000E+000 +1.626939470965158E+011
    51.00308642 +1.754772330917817E+011 +0.000000000000000E+000 +1.754772330917817E+011
    51.10082305 +1.885505011204763E+011 +0.000000000000000E+000 +1.885505011204763E+011
    51.20370370 +2.033654037236484E+011 +0.000000000000000E+000 +2.033654037236484E+011
    51.30144033 +2.185163745007988E+011 +0.000000000000000E+000 +2.185163745007988E+011
    51.40432099 +2.356857736069962E+011 +0.000000000000000E+000 +2.356857736069962E+011
    51.50205761 +2.532446513861515E+011 +0.000000000000000E+000 +2.532446513861515E+011
    51.60493827 +2.731427414083358E+011 +0.000000000000000E+000 +2.731427414083358E+011
    51.70267490 +2.934922090033911E+011 +0.000000000000000E+000 +2.934922090033911E+011
    51.80041152 +3.153577367699721E+011 +0.000000000000000E+000 +3.153577367699721E+011
    51.90329218 +3.401362132394922E+011 +0.000000000000000E+000 +3.401362132394922E+011
    52.00102881 +3.654767762487656E+011 +0.000000000000000E+000 +3.654767762487656E+011
    52.10390947 +3.941932358262653E+011 +0.000000000000000E+000 +3.941932358262653E+011
    52.20164609 +4.235611129926476E+011 +0.000000000000000E+000 +4.235611129926476E+011
    52.30452675 +4.568414097728296E+011 +0.000000000000000E+000 +4.568414097728296E+011
    52.40226337 +4.908766523577862E+011 +0.000000000000000E+000 +4.908766523577862E+011
    52.50000000 +5.274475620539605E+011 +0.000000000000000E+000 +5.274475620539605E+011
    52.60288066 +5.688904869652478E+011 +0.000000000000000E+000 +5.688904869652478E+011
    52.70061728 +6.112735225524250E+011 +0.000000000000000E+000 +6.112735225524250E+011
    52.80349794 +6.593028709045651E+011 +0.000000000000000E+000 +6.593028709045651E+011
    52.90123457 +7.084217394399209E+011 +0.000000000000000E+000 +7.084217394399209E+011
    53.00411523 +7.640842755198496E+011 +0.000000000000000E+000 +7.640842755198496E+011
    53.10185185 +8.210094865805848E+011 +0.000000000000000E+000 +8.210094865805848E+011
    53.20473251 +8.855183343820293E+011 +0.000000000000000E+000 +8.855183343820293E+011
    53.30246914 +9.514905310334675E+011 +0.000000000000000E+000 +9.514905310334675E+011
    53.40020576 +1.022377736851907E+012 +0.000000000000000E+000 +1.022377736851907E+012
    53.50308642 +1.102708611099061E+012 +0.000000000000000E+000 +1.102708611099061E+012
    53.60082305 +1.184861748438120E+012 +0.000000000000000E+000 +1.184861748438120E+012
    53.70370370 +1.277959413501924E+012 +0.000000000000000E+000 +1.277959413501924E+012
    53.80144033 +1.373168949506748E+012 +0.000000000000000E+000 +1.373168949506748E+012
    53.90432099 +1.481062400456477E+012 +0.000000000000000E+000 +1.481062400456477E+012
    54.00205761 +1.591403356868686E+012 +0.000000000000000E+000 +1.591403356868686E+012
    54.10493827 +1.716444052033971E+012 +0.000000000000000E+000 +1.716444052033971E+012
    54.20267490 +1.844321228762834E+012 +0.000000000000000E+000 +1.844321228762834E+012
    54.30041152 +1.981725411227109E+012 +0.000000000000000E+000 +1.981725411227109E+012
    54.40329218 +2.137434724002739E+012 +0.000000000000000E+000 +2.137434724002739E+012
    54.50102881 +2.296676219595981E+012 +0.000000000000000E+000 +2.296676219595981E+012
    54.60390947 +2.477132035419734E+012 +0.000000000000000E+000 +2.477132035419734E+012
    54.70164609 +2.661681395300854E+012 +0.000000000000000E+000 +2.661681395300854E+012
    54.80452675 +2.870816615822545E+012 +0.000000000000000E+000 +2.870816615822545E+012
    54.90226337 +3.084695957420311E+012 +0.000000000000000E+000 +3.084695957420311E+012
    55.00000000 +3.314509570998473E+012 +0.000000000000000E+000 +3.314509570998473E+012
    55.10288066 +3.574939196901858E+012 +0.000000000000000E+000 +3.574939196901858E+012
    55.20061728 +3.841276530144031E+012 +0.000000000000000E+000 +3.841276530144031E+012
    55.30349794 +4.143095604220632E+012 +0.000000000000000E+000 +4.143095604220632E+012
    55.40123457 +4.451761283220600E+012 +0.000000000000000E+000 +4.451761283220600E+012
    55.50411523 +4.801547729983125E+012 +0.000000000000000E+000 +4.801547729983125E+012
    55.60185185 +5.159268895967253E+012 +0.000000000000000E+000 +5.159268895967253E+012
    55.70473251 +5.564646053501302E+012 +0.000000000000000E+000 +5.564646053501302E+012
    55.80246914 +5.979218975918872E+012 +0.000000000000000E+000 +5.979218975918872E+012
    55.90020576 +6.424678087026393E+012 +0.000000000000000E+000 +6.424678087026393E+012
    56.00308642 +6.929481731400066E+012 +0.000000000000000E+000 +6.929481731400066E+012
    56.10082305 +7.445736577548949E+012 +0.000000000000000E+000 +7.445736577548949E+012
    56.20370370 +8.030767439559103E+012 +0.000000000000000E+000 +8.030767439559103E+012
    56.30144033 +8.629069415041301E+012 +0.000000000000000E+000 +8.629069415041301E+012
    56.40432099 +9.307077811610934E+012 +0.000000000000000E+000 +9.307077811610934E+012
    56.50205761 +1.000046646749703E+013 +0.000000000000000E+000 +1.000046646749703E+013
    56.60493827 +1.078622909246245E+013 +0.000000000000000E+000 +1.078622909246245E+013
    56.70267490 +1.158981632401723E+013 +0.000000000000000E+000 +1.158981632401723E+013
    56.80041152 +1.245327178506904E+013 +0.000000000000000E+000 +1.245327178506904E+013
    56.90329218 +1.343175769460521E+013 +0.000000000000000E+000 +1.343175769460521E+013
    57.00102881 +1.443244003578185E+013 +0.000000000000000E+000 +1.443244003578185E+013
    57.10390947 +1.556643433534913E+013 +0.000000000000000E+000 +1.556643433534913E+013
    57.20164609 +1.672615269154892E+013 +0.000000000000000E+000 +1.672615269154892E+013
    57.30452675 +1.804036995203113E+013 +0.000000000000000E+000 +1.804036995203113E+013
    57.40226337 +1.938439953101350E+013 +0.000000000000000E+000 +1.938439953101350E+013
    57.50000000 +2.082856095396457E+013 +0.000000000000000E+000 +2.082856095396457E+013
    57.60288066 +2.246511508697329E+013 +0.000000000000000E+000 +2.246511508697329E+013
    57.70061728 +2.413879357873387E+013 +0.000000000000000E+000 +2.413879357873387E+013
    57.80349794 +2.603544128686989E+013 +0.000000000000000E+000 +2.603544128686989E+013
    57.90123457 +2.797511343796357E+013 +0.000000000000000E+000 +2.797511343796357E+013
    58.00411523 +3.017319076166584E+013 +0.000000000000000E+000 +3.017319076166584E+013
    58.10185185 +3.242113029859015E+013 +0.000000000000000E+000 +3.242113029859015E+013
    58.20473251 +3.496854271484877E+013 +0.000000000000000E+000 +3.496854271484877E+013
    58.30246914 +3.757374182482118E+013 +0.000000000000000E+000 +3.757374182482118E+013
    58.40020576 +4.037303144802825E+013 +0.000000000000000E+000 +4.037303144802825E+013
    58.50308642 +4.354524539138835E+013 +0.000000000000000E+000 +4.354524539138835E+013
    58.60082305 +4.678941931828691E+013 +0.000000000000000E+000 +4.678941931828691E+013
    58.70370370 +5.046578552215347E+013 +0.000000000000000E+000 +5.046578552215347E+013
    58.80144033 +5.422554813503760E+013 +0.000000000000000E+000 +5.422554813503760E+013
    58.90432099 +5.848619029419043E+013 +0.000000000000000E+000 +5.848619029419043E+013
    59.00205761 +6.284348285117590E+013 +0.000000000000000E+000 +6.284348285117590E+013
    59.10493827 +6.778125852468155E+013 +0.000000000000000E+000 +6.778125852468155E+013
    59.20267490 +7.283104500909922E+013 +0.000000000000000E+000 +7.283104500909922E+013
    59.30041152 +7.825704674966931E+013 +0.000000000000000E+000 +7.825704674966931E+013
    59.40329218 +8.440590617294436E+013 +0.000000000000000E+000 +8.440590617294436E+013
    59.50102881 +9.069424919687808E+013 +0.000000000000000E+000 +9.069424919687808E+013
    59.60390947 +9.782033192007272E+013 +0.000000000000000E+000 +9.782033192007272E+013
    59.70164609 +1.051080660339400E+014 +0.000000000000000E+000 +1.051080660339400E+014
    59.80452675 +1.133666797836045E+014 +0.000000000000000E+000 +1.133666797836045E+014
    59.90226337 +1.218126357870034E+014 +0.000000000000000E+000 +1.218126357870034E+014
    60.00000000 +1.308878258206086E+014 +0.000000000000000E+000 +1.308878258206086E+014
    60.10288066 +1.411720222555109E+014 +0.000000000000000E+000 +1.411720222555109E+014
    60.20061728 +1.516895102083804E+014 +0.000000000000000E+000 +1.516895102083804E+014
    60.30349794 +1.636081490146754E+014 +0.000000000000000E+000 +1.636081490146754E+014
    60.40123457 +1.757971557935020E+014 +0.000000000000000E+000 +1.757971557935020E+014
    60.50411523 +1.896099949291708E+014 +0.000000000000000E+000 +1.896099949291708E+014
    60.60185185 +2.037361709628452E+014 +0.000000000000000E+000 +2.037361709628452E+014
    60.70473251 +2.197442510874890E+014 +0.000000000000000E+000 +2.197442510874890E+014
    60.80246914 +2.361154659826184E+014 +0.000000000000000E+000 +2.361154659826184E+014
    60.90020576 +2.537063563678511E+014 +0.000000000000000E+000 +2.537063563678511E+014
    61.00308642 +2.736407237493247E+014 +0.000000000000000E+000 +2.736407237493247E+014
    61.10082305 +2.940272916362608E+014 +0.000000000000000E+000 +2.940272916362608E+014
    61.20370370 +3.171297796289494E+014 +0.000000000000000E+000 +3.171297796289494E+014
    61.30144033 +3.407563352555798E+014 +0.000000000000000E+000 +3.407563352555798E+014
    61.40432099 +3.675304455766503E+014 +0.000000000000000E+000 +3.675304455766503E+014
    61.50205761 +3.949119123283919E+014 +0.000000000000000E+000 +3.949119123283919E+014
    61.60493827 +4.259411670005174E+014 +0.000000000000000E+000 +4.259411670005174E+014
    61.70267490 +4.576743037862992E+014 +0.000000000000000E+000 +4.576743037862992E+014
    61.80041152 +4.917715979916531E+014 +0.000000000000000E+000 +4.917715979916531E+014
    61.90329218 +5.304113697438737E+014 +0.000000000000000E+000 +5.304113697438737E+014
    62.00102881 +5.699276641357626E+014 +0.000000000000000E+000 +5.699276641357626E+014
    62.10390947 +6.147083610028006E+014 +0.000000000000000E+000 +6.147083610028006E+014
    62.20164609 +6.605048841246051E+014 +0.000000000000000E+000 +6.605048841246051E+014
    62.30452675 +7.124024684260008E+014 +0.000000000000000E+000 +7.124024684260008E+014
    62.40226337 +7.654773217826068E+014 +0.000000000000000E+000 +7.654773217826068E+014
    62.50000000 +8.225063164900281E+014 +0.000000000000000E+000 +8.225063164900281E+014
    62.60288066 +8.871327741051719E+014 +0.000000000000000E+000 +8.871327741051719E+014
    62.70061728 +9.532252484862662E+014 +0.000000000000000E+000 +9.532252484862662E+014
    62.80349794 +1.028122632109863E+015 +0.000000000000000E+000 +1.028122632109863E+015
    62.90123457 +1.104719022984822E+015 +0.000000000000000E+000 +1.104719022984822E+015
    63.00411523 +1.191519665951608E+015 +0.000000000000000E+000 +1.191519665951608E+015
    63.10185185 +1.280289335267361E+015 +0.000000000000000E+000 +1.280289335267361E+015
    63.20473251 +1.380884993685977E+015 +0.000000000000000E+000 +1.380884993685977E+015
    63.30246914 +1.483762611030794E+015 +0.000000000000000E+000 +1.483762611030794E+015
    63.40020576 +1.594304736425840E+015 +0.000000000000000E+000 +1.594304736425840E+015
    63.50308642 +1.719573400518235E+015 +0.000000000000000E+000 +1.719573400518235E+015
    63.60082305 +1.847683717527790E+015 +0.000000000000000E+000 +1.847683717527790E+015
    63.70370370 +1.992861026276721E+015 +0.000000000000000E+000 +1.992861026276721E+015
    63.80144033 +2.141331604941964E+015 +0.000000000000000E+000 +2.141331604941964E+015
    63.90432099 +2.309581590908427E+015 +0.000000000000000E+000 +2.309581590908427E+015
    64.00205761 +2.481648238183587E+015 +0.000000000000000E+000 +2.481648238183587E+015
    64.10493827 +2.676637785941842E+015 +0.000000000000000E+000 +2.676637785941842E+015
    64.20267490 +2.876050567724482E+015 +0.000000000000000E+000 +2.876050567724482E+015
    64.30041152 +3.090319845125300E+015 +0.000000000000000E+000 +3.090319845125300E+015
    64.40329218 +3.333134301968065E+015 +0.000000000000000E+000 +3.333134301968065E+015
    64.50102881 +3.581456875422552E+015 +0.000000000000000E+000 +3.581456875422552E+015
    64.60390947 +3.862861244385615E+015 +0.000000000000000E+000 +3.862861244385615E+015
    64.70164609 +4.150649121560878E+015 +0.000000000000000E+000 +4.150649121560878E+015
    64.80452675 +4.476776403688808E+015 +0.000000000000000E+000 +4.476776403688808E+015
    64.90226337 +4.810301709491198E+015 +0.000000000000000E+000 +4.810301709491198E+015
    65.00000000 +5.168675057630242E+015 +0.000000000000000E+000 +5.168675057630242E+015
    65.10288066 +5.574791281714601E+015 +0.000000000000000E+000 +5.574791281714601E+015
    65.20061728 +5.990120036013410E+015 +0.000000000000000E+000 +5.990120036013410E+015
    65.30349794 +6.460779325621216E+015 +0.000000000000000E+000 +6.460779325621216E+015
    65.40123457 +6.942115270504244E+015 +0.000000000000000E+000 +6.942115270504244E+015
    65.50411523 +7.487575298341273E+015 +0.000000000000000E+000 +7.487575298341273E+015
    65.60185185 +8.045408796355599E+015 +0.000000000000000E+000 +8.045408796355599E+015
    65.70473251 +8.677557462147155E+015 +0.000000000000000E+000 +8.677557462147155E+015
    65.80246914 +9.324046083690928E+015 +0.000000000000000E+000 +9.324046083690928E+015
    65.90020576 +1.001869889655336E+016 +0.000000000000000E+000 +1.001869889655336E+016
    66.00308642 +1.080589409082272E+016 +0.000000000000000E+000 +1.080589409082272E+016
    66.10082305 +1.161094638875304E+016 +0.000000000000000E+000 +1.161094638875304E+016
    66.20370370 +1.252324860409259E+016 +0.000000000000000E+000 +1.252324860409259E+016
    66.30144033 +1.345624590922441E+016 +0.000000000000000E+000 +1.345624590922441E+016
    66.40432099 +1.451353810075760E+016 +0.000000000000000E+000 +1.451353810075760E+016
    66.50205761 +1.559481440246015E+016 +0.000000000000000E+000 +1.559481440246015E+016
    66.60493827 +1.682013947509632E+016 +0.000000000000000E+000 +1.682013947509632E+016
    66.70267490 +1.807326039430236E+016 +0.000000000000000E+000 +1.807326039430236E+016
    66.80041152 +1.941974035137348E+016 +0.000000000000000E+000 +1.941974035137348E+016
    66.90329218 +2.094559979044885E+016 +0.000000000000000E+000 +2.094559979044885E+016
    67.00102881 +2.250607253810891E+016 +0.000000000000000E+000 +2.250607253810891E+016
    67.10390947 +2.427443311335004E+016 +0.000000000000000E+000 +2.427443311335004E+016
    67.20164609 +2.608290800627494E+016 +0.000000000000000E+000 +2.608290800627494E+016
    67.30452675 +2.813230983450763E+016 +0.000000000000000E+000 +2.813230983450763E+016
    67.40226337 +3.022820125154390E+016 +0.000000000000000E+000 +3.022820125154390E+016
    67.50000000 +3.248023913710147E+016 +0.000000000000000E+000 +3.248023913710147E+016
    67.60288066 +3.503229588832710E+016 +0.000000000000000E+000 +3.503229588832710E+016
    67.70061728 +3.764224468753150E+016 +0.000000000000000E+000 +3.764224468753150E+016
    67.80349794 +4.059989362233780E+016 +0.000000000000000E+000 +4.059989362233780E+016
    67.90123457 +4.362463524775761E+016 +0.000000000000000E+000 +4.362463524775761E+016
    68.00411523 +4.705233614718303E+016 +0.000000000000000E+000 +4.705233614718303E+016
    68.10185185 +5.055779261565334E+016 +0.000000000000000E+000 +5.055779261565334E+016
    68.20473251 +5.453024969724110E+016 +0.000000000000000E+000 +5.453024969724110E+016
    68.30246914 +5.859281985168686E+016 +0.000000000000000E+000 +5.859281985168686E+016
    68.40020576 +6.295805644084415E+016 +0.000000000000000E+000 +6.295805644084415E+016
    68.50308642 +6.790483445887812E+016 +0.000000000000000E+000 +6.790483445887812E+016
    68.60082305 +7.296382750121466E+016 +0.000000000000000E+000 +7.296382750121466E+016
    68.70370370 +7.869678493985112E+016 +0.000000000000000E+000 +7.869678493985112E+016
    68.80144033 +8.455979146416658E+016 +0.000000000000000E+000 +8.455979146416658E+016
    68.90432099 +9.120387391003294E+016 +0.000000000000000E+000 +9.120387391003294E+016
    69.00205761 +9.799867382703168E+016 +0.000000000000000E+000 +9.799867382703168E+016
    69.10493827 +1.056986841654947E+017 +0.000000000000000E+000 +1.056986841654947E+017
    69.20267490 +1.135733651368649E+017 +0.000000000000000E+000 +1.135733651368649E+017
    69.30041152 +1.220347194513371E+017 +0.000000000000000E+000 +1.220347194513371E+017
    69.40329218 +1.316233043242840E+017 +0.000000000000000E+000 +1.316233043242840E+017
    69.50102881 +1.414294011374520E+017 +0.000000000000000E+000 +1.414294011374520E+017
    69.60390947 +1.525418765250591E+017 +0.000000000000000E+000 +1.525418765250591E+017
    69.70164609 +1.639064324974703E+017 +0.000000000000000E+000 +1.639064324974703E+017
    69.80452675 +1.767849866195260E+017 +0.000000000000000E+000 +1.767849866195260E+017
    69.90226337 +1.899556838817269E+017 +0.000000000000000E+000 +1.899556838817269E+017
    70.00000000 +2.041076141642740E+017 +0.000000000000000E+000 +2.041076141642740E+017
    70.10288066 +2.201448795460268E+017 +0.000000000000000E+000 +2.201448795460268E+017
    70.20061728 +2.365459417502770E+017 +0.000000000000000E+000 +2.365459417502770E+017
    70.30349794 +2.551319707838272E+017 +0.000000000000000E+000 +2.551319707838272E+017
    70.40123457 +2.741396139856471E+017 +0.000000000000000E+000 +2.741396139856471E+017
    70.50411523 +2.956794754902780E+017 +0.000000000000000E+000 +2.956794754902780E+017
    70.60185185 +3.177079572793455E+017 +0.000000000000000E+000 +3.177079572793455E+017
    70.70473251 +3.426710966783622E+017 +0.000000000000000E+000 +3.426710966783622E+017
    70.80246914 +3.682005115973471E+017 +0.000000000000000E+000 +3.682005115973471E+017
    70.90020576 +3.956318990854320E+017 +0.000000000000000E+000 +3.956318990854320E+017
    71.00308642 +4.267177249871222E+017 +0.000000000000000E+000 +4.267177249871222E+017
    71.10082305 +4.585087162906773E+017 +0.000000000000000E+000 +4.585087162906773E+017
    71.20370370 +4.945349370326546E+017 +0.000000000000000E+000 +4.945349370326546E+017
    71.30144033 +5.313783934018125E+017 +0.000000000000000E+000 +5.313783934018125E+017
    71.40432099 +5.731301739417370E+017 +0.000000000000000E+000 +5.731301739417370E+017
    71.50205761 +6.158290713829827E+017 +0.000000000000000E+000 +6.158290713829827E+017
    71.60493827 +6.642163610390098E+017 +0.000000000000000E+000 +6.642163610390098E+017
    71.70267490 +7.137012905860718E+017 +0.000000000000000E+000 +7.137012905860718E+017
    71.80041152 +7.668729077787785E+017 +0.000000000000000E+000 +7.668729077787785E+017
    71.90329218 +8.271281039726181E+017 +0.000000000000000E+000 +8.271281039726181E+017
    72.00102881 +8.887501571955377E+017 +0.000000000000000E+000 +8.887501571955377E+017
    72.10390947 +9.585815654327041E+017 +0.000000000000000E+000 +9.585815654327041E+017
    72.20164609 +1.029997061968122E+018 +0.000000000000000E+000 +1.029997061968122E+018
    72.30452675 +1.110926606379503E+018 +0.000000000000000E+000 +1.110926606379503E+018
    72.40226337 +1.193691994396523E+018 +0.000000000000000E+000 +1.193691994396523E+018
    72.50000000 +1.282623504832675E+018 +0.000000000000000E+000 +1.282623504832675E+018
    72.60288066 +1.383402565016683E+018 +0.000000000000000E+000 +1.383402565016683E+018
    72.70061728 +1.486467744498245E+018 +0.000000000000000E+000 +1.486467744498245E+018
    72.80349794 +1.603263376045569E+018 +0.000000000000000E+000 +1.603263376045569E+018
    72.90123457 +1.722708454280160E+018 +0.000000000000000E+000 +1.722708454280160E+018
    73.00411523 +1.858066131992489E+018 +0.000000000000000E+000 +1.858066131992489E+018
    73.10185185 +1.996494326521756E+018 +0.000000000000000E+000 +1.996494326521756E+018
    73.20473251 +2.153364071331099E+018 +0.000000000000000E+000 +2.153364071331099E+018
    73.30246914 +2.313792322740486E+018 +0.000000000000000E+000 +2.313792322740486E+018
    73.40020576 +2.486172674676172E+018 +0.000000000000000E+000 +2.486172674676172E+018
    73.50308642 +2.681517719161158E+018 +0.000000000000000E+000 +2.681517719161158E+018
    73.60082305 +2.881294061924408E+018 +0.000000000000000E+000 +2.881294061924408E+018
    73.70370370 +3.107684820070061E+018 +0.000000000000000E+000 +3.107684820070061E+018
    73.80144033 +3.339211131971025E+018 +0.000000000000000E+000 +3.339211131971025E+018
    73.90432099 +3.601581623676553E+018 +0.000000000000000E+000 +3.601581623676553E+018
    74.00205761 +3.869903850227609E+018 +0.000000000000000E+000 +3.869903850227609E+018
    74.10493827 +4.173972247195970E+018 +0.000000000000000E+000 +4.173972247195970E+018
    74.20267490 +4.484938273779216E+018 +0.000000000000000E+000 +4.484938273779216E+018
    74.30041152 +4.819071648864586E+018 +0.000000000000000E+000 +4.819071648864586E+018
    74.40329218 +5.197718625083321E+018 +0.000000000000000E+000 +5.197718625083321E+018
    74.50102881 +5.584955006260921E+018 +0.000000000000000E+000 +5.584955006260921E+018
    74.60390947 +6.023779427129748E+018 +0.000000000000000E+000 +6.023779427129748E+018
    74.70164609 +6.472558346234165E+018 +0.000000000000000E+000 +6.472558346234165E+018
    74.80452675 +6.981124066932328E+018 +0.000000000000000E+000 +6.981124066932328E+018
    74.90226337 +7.501226330103102E+018 +0.000000000000000E+000 +7.501226330103102E+018
    75.00000000 +8.060076846644229E+018 +0.000000000000000E+000 +8.060076846644229E+018
    75.10288066 +8.693378019244878E+018 +0.000000000000000E+000 +8.693378019244878E+018
    75.20061728 +9.341045291600794E+018 +0.000000000000000E+000 +9.341045291600794E+018
    75.30349794 +1.007499548203223E+019 +0.000000000000000E+000 +1.007499548203223E+019
    75.40123457 +1.082559494157498E+019 +0.000000000000000E+000 +1.082559494157498E+019
    75.50411523 +1.167619005388504E+019 +0.000000000000000E+000 +1.167619005388504E+019
    75.60185185 +1.254608046322512E+019 +0.000000000000000E+000 +1.254608046322512E+019
    75.70473251 +1.353185859165707E+019 +0.000000000000000E+000 +1.353185859165707E+019
    75.80246914 +1.453999857183082E+019 +0.000000000000000E+000 +1.453999857183082E+019
    75.90020576 +1.562324621092228E+019 +0.000000000000000E+000 +1.562324621092228E+019
    76.00308642 +1.685080524459640E+019 +0.000000000000000E+000 +1.685080524459640E+019
    76.10082305 +1.810621080105654E+019 +0.000000000000000E+000 +1.810621080105654E+019
    76.20370370 +1.952886281168071E+019 +0.000000000000000E+000 +1.952886281168071E+019
    76.30144033 +2.098378692535140E+019 +0.000000000000000E+000 +2.098378692535140E+019
    76.40432099 +2.263253756610491E+019 +0.000000000000000E+000 +2.263253756610491E+019
    76.50205761 +2.431868923689182E+019 +0.000000000000000E+000 +2.431868923689182E+019
    76.60493827 +2.622947181413816E+019 +0.000000000000000E+000 +2.622947181413816E+019
    76.70267490 +2.818359947631876E+019 +0.000000000000000E+000 +2.818359947631876E+019
    76.80041152 +3.028331203426692E+019 +0.000000000000000E+000 +3.028331203426692E+019
    76.90329218 +3.266275051685625E+019 +0.000000000000000E+000 +3.266275051685625E+019
    77.00102881 +3.509616529395019E+019 +0.000000000000000E+000 +3.509616529395019E+019
    77.10390947 +3.785376215776901E+019 +0.000000000000000E+000 +3.785376215776901E+019
    77.20164609 +4.067391363753423E+019 +0.000000000000000E+000 +4.067391363753423E+019
    77.30452675 +4.386976867601721E+019 +0.000000000000000E+000 +4.386976867601721E+019
    77.40226337 +4.713811998368864E+019 +0.000000000000000E+000 +4.713811998368864E+019
    77.50000000 +5.064996745267440E+019 +0.000000000000000E+000 +5.064996745267440E+019
    77.60288066 +5.462966695061631E+019 +0.000000000000000E+000 +5.462966695061631E+019
    77.70061728 +5.869964381177335E+019 +0.000000000000000E+000 +5.869964381177335E+019
    77.80349794 +6.331182728899590E+019 +0.000000000000000E+000 +6.331182728899590E+019
    77.90123457 +6.802863569159362E+019 +0.000000000000000E+000 +6.802863569159362E+019
    78.00411523 +7.337382229137718E+019 +0.000000000000000E+000 +7.337382229137718E+019
    78.10185185 +7.884026160191714E+019 +0.000000000000000E+000 +7.884026160191714E+019
    78.20473251 +8.503494573094304E+019 +0.000000000000000E+000 +8.503494573094304E+019
    78.30246914 +9.137015296966807E+019 +0.000000000000000E+000 +9.137015296966807E+019
    78.40020576 +9.817734087954665E+019 +0.000000000000000E+000 +9.817734087954665E+019
    78.50308642 +1.058913895523849E+020 +0.000000000000000E+000 +1.058913895523849E+020
    78.60082305 +1.137804273102677E+020 +0.000000000000000E+000 +1.137804273102677E+020
    78.70370370 +1.227204510104879E+020 +0.000000000000000E+000 +1.227204510104879E+020
    78.80144033 +1.318632743861996E+020 +0.000000000000000E+000 +1.318632743861996E+020
    78.90432099 +1.422241143484773E+020 +0.000000000000000E+000 +1.422241143484773E+020
    79.00205761 +1.528199844463148E+020 +0.000000000000000E+000 +1.528199844463148E+020
    79.10493827 +1.648274475497167E+020 +0.000000000000000E+000 +1.648274475497167E+020
    79.20267490 +1.771072935575158E+020 +0.000000000000000E+000 +1.771072935575158E+020
    79.30041152 +1.903020030799597E+020 +0.000000000000000E+000 +1.903020030799597E+020
    79.40329218 +2.052545257409525E+020 +0.000000000000000E+000 +2.052545257409525E+020
    79.50102881 +2.205462384136400E+020 +0.000000000000000E+000 +2.205462384136400E+020
    79.60390947 +2.378751291993615E+020 +0.000000000000000E+000 +2.378751291993615E+020
    79.70164609 +2.555971166418498E+020 +0.000000000000000E+000 +2.555971166418498E+020
    79.80452675 +2.756800459690090E+020 +0.000000000000000E+000 +2.756800459690090E+020
    79.90226337 +2.962185458502337E+020 +0.000000000000000E+000 +2.962185458502337E+020
    80.00000000 +3.182871890390319E+020 +0.000000000000000E+000 +3.182871890390319E+020
    80.10288066 +3.432958401818689E+020 +0.000000000000000E+000 +3.432958401818689E+020
    80.20061728 +3.688717992543397E+020 +0.000000000000000E+000 +3.688717992543397E+020
    80.30349794 +3.978550146072237E+020 +0.000000000000000E+000 +3.978550146072237E+020
    80.40123457 +4.274956987616862E+020 +0.000000000000000E+000 +4.274956987616862E+020
    80.50411523 +4.610851461650602E+020 +0.000000000000000E+000 +4.610851461650602E+020
    80.60185185 +4.954365522904427E+020 +0.000000000000000E+000 +4.954365522904427E+020
    80.70473251 +5.343642890210660E+020 +0.000000000000000E+000 +5.343642890210660E+020
    80.80246914 +5.741750807235010E+020 +0.000000000000000E+000 +5.741750807235010E+020
    80.90020576 +6.169518249952553E+020 +0.000000000000000E+000 +6.169518249952553E+020
    81.00308642 +6.654273323187713E+020 +0.000000000000000E+000 +6.654273323187713E+020
    81.10082305 +7.150024807041174E+020 +0.000000000000000E+000 +7.150024807041174E+020
    81.20370370 +7.711820827175668E+020 +0.000000000000000E+000 +7.711820827175668E+020
    81.30144033 +8.286360890770907E+020 +0.000000000000000E+000 +8.286360890770907E+020
    81.40432099 +8.937441788455184E+020 +0.000000000000000E+000 +8.937441788455184E+020
    81.50205761 +9.603292109487391E+020 +0.000000000000000E+000 +9.603292109487391E+020
    81.60493827 +1.035784771354432E+021 +0.000000000000000E+000 +1.035784771354432E+021
    81.70267490 +1.112952000954462E+021 +0.000000000000000E+000 +1.112952000954462E+021
    81.80041152 +1.195868283339229E+021 +0.000000000000000E+000 +1.195868283339229E+021
    81.90329218 +1.289830760437692E+021 +0.000000000000000E+000 +1.289830760437692E+021
    82.00102881 +1.385924726277452E+021 +0.000000000000000E+000 +1.385924726277452E+021
    82.10390947 +1.494820431738768E+021 +0.000000000000000E+000 +1.494820431738768E+021
    82.20164609 +1.606186378272200E+021 +0.000000000000000E+000 +1.606186378272200E+021
    82.30452675 +1.732388613825138E+021 +0.000000000000000E+000 +1.732388613825138E+021
    82.40226337 +1.861453679866524E+021 +0.000000000000000E+000 +1.861453679866524E+021
    82.50000000 +2.000134250846774E+021 +0.000000000000000E+000 +2.000134250846774E+021
    82.60288066 +2.157289993964454E+021 +0.000000000000000E+000 +2.157289993964454E+021
    82.70061728 +2.318010731401458E+021 +0.000000000000000E+000 +2.318010731401458E+021
    82.80349794 +2.500142855229610E+021 +0.000000000000000E+000 +2.500142855229610E+021
    82.90123457 +2.686406549269149E+021 +0.000000000000000E+000 +2.686406549269149E+021
    83.00411523 +2.897484489356352E+021 +0.000000000000000E+000 +2.897484489356352E+021
    83.10185185 +3.113350620077998E+021 +0.000000000000000E+000 +3.113350620077998E+021
    83.20473251 +3.357974664727554E+021 +0.000000000000000E+000 +3.357974664727554E+021
    83.30246914 +3.608147875524303E+021 +0.000000000000000E+000 +3.608147875524303E+021
    83.40020576 +3.876959295851863E+021 +0.000000000000000E+000 +3.876959295851863E+021
    83.50308642 +4.181582057508313E+021 +0.000000000000000E+000 +4.181582057508313E+021
    83.60082305 +4.493115024247299E+021 +0.000000000000000E+000 +4.493115024247299E+021
    83.70370370 +4.846150741849682E+021 +0.000000000000000E+000 +4.846150741849682E+021
    83.80144033 +5.207194886651753E+021 +0.000000000000000E+000 +5.207194886651753E+021
    83.90432099 +5.616337713751427E+021 +0.000000000000000E+000 +5.616337713751427E+021
    84.00205761 +6.034761727942751E+021 +0.000000000000000E+000 +6.034761727942751E+021
    84.10493827 +6.508928631235098E+021 +0.000000000000000E+000 +6.508928631235098E+021
    84.20267490 +6.993851758150678E+021 +0.000000000000000E+000 +6.993851758150678E+021
    84.30041152 +7.514902249850857E+021 +0.000000000000000E+000 +7.514902249850857E+021
    84.40329218 +8.105367638377675E+021 +0.000000000000000E+000 +8.105367638377675E+021
    84.50102881 +8.709227419715700E+021 +0.000000000000000E+000 +8.709227419715700E+021
    84.60390947 +9.393534038907303E+021 +0.000000000000000E+000 +9.393534038907303E+021
    84.70164609 +1.009336378924065E+022 +0.000000000000000E+000 +1.009336378924065E+022
    84.80452675 +1.088642559805856E+022 +0.000000000000000E+000 +1.088642559805856E+022
    84.90226337 +1.169747759156346E+022 +0.000000000000000E+000 +1.169747759156346E+022
    85.00000000 +1.256895394844118E+022 +0.000000000000000E+000 +1.256895394844118E+022
    85.10288066 +1.355652930601676E+022 +0.000000000000000E+000 +1.355652930601676E+022
    85.20061728 +1.456650728451994E+022 +0.000000000000000E+000 +1.456650728451994E+022
    85.30349794 +1.571103559603636E+022 +0.000000000000000E+000 +1.571103559603636E+022
    85.40123457 +1.688152692263526E+022 +0.000000000000000E+000 +1.688152692263526E+022
    85.50411523 +1.820795234001146E+022 +0.000000000000000E+000 +1.820795234001146E+022
    85.60185185 +1.956446701142410E+022 +0.000000000000000E+000 +1.956446701142410E+022
    85.70473251 +2.110169800008398E+022 +0.000000000000000E+000 +2.110169800008398E+022
    85.80246914 +2.267380025487353E+022 +0.000000000000000E+000 +2.267380025487353E+022
    85.90020576 +2.436302604633316E+022 +0.000000000000000E+000 +2.436302604633316E+022
    86.00308642 +2.627729228185507E+022 +0.000000000000000E+000 +2.627729228185507E+022
    86.10082305 +2.823498262724357E+022 +0.000000000000000E+000 +2.823498262724357E+022
    86.20370370 +3.045347854811522E+022 +0.000000000000000E+000 +3.045347854811522E+022
    86.30144033 +3.272229986720936E+022 +0.000000000000000E+000 +3.272229986720936E+022
    86.40432099 +3.529337595871358E+022 +0.000000000000000E+000 +3.529337595871358E+022
    86.50205761 +3.792277554179964E+022 +0.000000000000000E+000 +3.792277554179964E+022
    86.60493827 +4.090246651445978E+022 +0.000000000000000E+000 +4.090246651445978E+022
    86.70267490 +4.394975018962091E+022 +0.000000000000000E+000 +4.394975018962091E+022
    86.80041152 +4.722406021767008E+022 +0.000000000000000E+000 +4.722406021767008E+022
    86.90329218 +5.093457728591189E+022 +0.000000000000000E+000 +5.093457728591189E+022
    87.00102881 +5.472926545733844E+022 +0.000000000000000E+000 +5.472926545733844E+022
    87.10390947 +5.902948599483060E+022 +0.000000000000000E+000 +5.902948599483060E+022
    87.20164609 +6.342725474458579E+022 +0.000000000000000E+000 +6.342725474458579E+022
    87.30452675 +6.841089889201227E+022 +0.000000000000000E+000 +6.841089889201227E+022
    87.40226337 +7.350759435224888E+022 +0.000000000000000E+000 +7.350759435224888E+022
    87.50000000 +7.898399984458726E+022 +0.000000000000000E+000 +7.898399984458726E+022
    87.60288066 +8.518997786067681E+022 +0.000000000000000E+000 +8.518997786067681E+022
    87.70061728 +9.153673518227755E+022 +0.000000000000000E+000 +9.153673518227755E+022
    87.80349794 +9.872901421757075E+022 +0.000000000000000E+000 +9.872901421757075E+022
    87.90123457 +1.060844462716156E+023 +0.000000000000000E+000 +1.060844462716156E+023
    88.00411523 +1.144197767525496E+023 +0.000000000000000E+000 +1.144197767525496E+023
    88.10185185 +1.229441897654022E+023 +0.000000000000000E+000 +1.229441897654022E+023
    88.20473251 +1.326042340831288E+023 +0.000000000000000E+000 +1.326042340831288E+023
    88.30246914 +1.424834113605165E+023 +0.000000000000000E+000 +1.424834113605165E+023
    88.40020576 +1.530985994022126E+023 +0.000000000000000E+000 +1.530985994022126E+023
    88.50308642 +1.651279540063571E+023 +0.000000000000000E+000 +1.651279540063571E+023
    88.60082305 +1.774301881119321E+023 +0.000000000000000E+000 +1.774301881119321E+023
    88.70370370 +1.913713388384073E+023 +0.000000000000000E+000 +1.913713388384073E+023
    88.80144033 +2.056287371429777E+023 +0.000000000000000E+000 +2.056287371429777E+023
    88.90432099 +2.217855211080409E+023 +0.000000000000000E+000 +2.217855211080409E+023
    89.00205761 +2.383088131109989E+023 +0.000000000000000E+000 +2.383088131109989E+023
    89.10493827 +2.570333555261373E+023 +0.000000000000000E+000 +2.570333555261373E+023
    89.20267490 +2.761826542118238E+023 +0.000000000000000E+000 +2.761826542118238E+023
    89.30041152 +2.967585990205515E+023 +0.000000000000000E+000 +2.967585990205515E+023
    89.40329218 +3.200756929285691E+023 +0.000000000000000E+000 +3.200756929285691E+023
    89.50102881 +3.439217226914026E+023 +0.000000000000000E+000 +3.439217226914026E+023
    89.60390947 +3.709445457249055E+023 +0.000000000000000E+000 +3.709445457249055E+023
    89.70164609 +3.985803671044780E+023 +0.000000000000000E+000 +3.985803671044780E+023
    89.80452675 +4.298978617965985E+023 +0.000000000000000E+000 +4.298978617965985E+023
    89.90226337 +4.619257771736901E+023 +0.000000000000000E+000 +4.619257771736901E+023
    90.00000000 +4.963398113351723E+023 +0.000000000000000E+000 +4.963398113351723E+023
    90.10288066 +5.353385194750110E+023 +0.000000000000000E+000 +5.353385194750110E+023
    90.20061728 +5.752218925352742E+023 +0.000000000000000E+000 +5.752218925352742E+023
    90.30349794 +6.204185706785878E+023 +0.000000000000000E+000 +6.204185706785878E+023
    90.40123457 +6.666405113903367E+023 +0.000000000000000E+000 +6.666405113903367E+023
    90.50411523 +7.190201878623259E+023 +0.000000000000000E+000 +7.190201878623259E+023
    90.60185185 +7.725880693936161E+023 +0.000000000000000E+000 +7.725880693936161E+023
    90.70473251 +8.332923206797507E+023 +0.000000000000000E+000 +8.332923206797507E+023
    90.80246914 +8.953736155705330E+023 +0.000000000000000E+000 +8.953736155705330E+023
    90.90020576 +9.620800426984302E+023 +0.000000000000000E+000 +9.620800426984302E+023
    91.00308642 +1.037673170502202E+024 +0.000000000000000E+000 +1.037673170502202E+024
    91.10082305 +1.114981088143456E+024 +0.000000000000000E+000 +1.114981088143456E+024
    91.20370370 +1.202588048223842E+024 +0.000000000000000E+000 +1.202588048223842E+024
    91.30144033 +1.292182325527409E+024 +0.000000000000000E+000 +1.292182325527409E+024
    91.40432099 +1.393712447080909E+024 +0.000000000000000E+000 +1.393712447080909E+024
    91.50205761 +1.497545725359057E+024 +0.000000000000000E+000 +1.497545725359057E+024
    91.60493827 +1.615211782635897E+024 +0.000000000000000E+000 +1.615211782635897E+024
    91.70267490 +1.735547031744022E+024 +0.000000000000000E+000 +1.735547031744022E+024
    91.80041152 +1.864847403775089E+024 +0.000000000000000E+000 +1.864847403775089E+024
    91.90329218 +2.011373307932410E+024 +0.000000000000000E+000 +2.011373307932410E+024
    92.00102881 +2.161223074174513E+024 +0.000000000000000E+000 +2.161223074174513E+024
    92.10390947 +2.331035984543495E+024 +0.000000000000000E+000 +2.331035984543495E+024
    92.20164609 +2.504701010328708E+024 +0.000000000000000E+000 +2.504701010328708E+024
    92.30452675 +2.701501874270299E+024 +0.000000000000000E+000 +2.701501874270299E+024
    92.40226337 +2.902767060979048E+024 +0.000000000000000E+000 +2.902767060979048E+024
    92.50000000 +3.119026749733753E+024 +0.000000000000000E+000 +3.119026749733753E+024
    92.60288066 +3.364096782633201E+024 +0.000000000000000E+000 +3.364096782633201E+024
    92.70061728 +3.614726098685721E+024 +0.000000000000000E+000 +3.614726098685721E+024
    92.80349794 +3.898744516932059E+024 +0.000000000000000E+000 +3.898744516932059E+024
    92.90123457 +4.189205741706144E+024 +0.000000000000000E+000 +4.189205741706144E+024
    93.00411523 +4.518362517623541E+024 +0.000000000000000E+000 +4.518362517623541E+024
    93.10185185 +4.854986039668270E+024 +0.000000000000000E+000 +4.854986039668270E+024
    93.20473251 +5.236454902854334E+024 +0.000000000000000E+000 +5.236454902854334E+024
    93.30246914 +5.626577184001960E+024 +0.000000000000000E+000 +5.626577184001960E+024
    93.40020576 +6.045764051223813E+024 +0.000000000000000E+000 +6.045764051223813E+024
    93.50308642 +6.520795435633132E+024 +0.000000000000000E+000 +6.520795435633132E+024
    93.60082305 +7.006602653959323E+024 +0.000000000000000E+000 +7.006602653959323E+024
    93.70370370 +7.557129623010083E+024 +0.000000000000000E+000 +7.557129623010083E+024
    93.80144033 +8.120145003100525E+024 +0.000000000000000E+000 +8.120145003100525E+024
    93.90432099 +8.758165886771370E+024 +0.000000000000000E+000 +8.758165886771370E+024
    94.00205761 +9.410659934329022E+024 +0.000000000000000E+000 +9.410659934329022E+024
    94.10493827 +1.015007992805251E+025 +0.000000000000000E+000 +1.015007992805251E+025
    94.20267490 +1.090627327046135E+025 +0.000000000000000E+000 +1.090627327046135E+025
    94.30041152 +1.171880393978355E+025 +0.000000000000000E+000 +1.171880393978355E+025
    94.40329218 +1.263958080305030E+025 +0.000000000000000E+000 +1.263958080305030E+025
    94.50102881 +1.358124499898330E+025 +0.000000000000000E+000 +1.358124499898330E+025
    94.60390947 +1.464835869366398E+025 +0.000000000000000E+000 +1.464835869366398E+025
    94.70164609 +1.573967929408124E+025 +0.000000000000000E+000 +1.573967929408124E+025
    94.80452675 +1.697638677751545E+025 +0.000000000000000E+000 +1.697638677751545E+025
    94.90226337 +1.824114831144534E+025 +0.000000000000000E+000 +1.824114831144534E+025
    95.00000000 +1.960013612324416E+025 +0.000000000000000E+000 +1.960013612324416E+025
    95.10288066 +2.114016972666456E+025 +0.000000000000000E+000 +2.114016972666456E+025
    95.20061728 +2.271513817203757E+025 +0.000000000000000E+000 +2.271513817203757E+025
    95.30349794 +2.449992557715102E+025 +0.000000000000000E+000 +2.449992557715102E+025
    95.40123457 +2.632519993383368E+025 +0.000000000000000E+000 +2.632519993383368E+025
    95.50411523 +2.839363926812918E+025 +0.000000000000000E+000 +2.839363926812918E+025
    95.60185185 +3.050900004691243E+025 +0.000000000000000E+000 +3.050900004691243E+025
    95.70473251 +3.290617142284383E+025 +0.000000000000000E+000 +3.290617142284383E+025
    95.80246914 +3.535772135451937E+025 +0.000000000000000E+000 +3.535772135451937E+025
    95.90020576 +3.799191474812395E+025 +0.000000000000000E+000 +3.799191474812395E+025
    96.00308642 +4.097703816780302E+025 +0.000000000000000E+000 +4.097703816780302E+025
    96.10082305 +4.402987752214992E+025 +0.000000000000000E+000 +4.402987752214992E+025
    96.20370370 +4.748941935962633E+025 +0.000000000000000E+000 +4.748941935962633E+025
    96.30144033 +5.102743906086636E+025 +0.000000000000000E+000 +5.102743906086636E+025
    96.40432099 +5.503679748348604E+025 +0.000000000000000E+000 +5.503679748348604E+025
    96.50205761 +5.913710606622849E+025 +0.000000000000000E+000 +5.913710606622849E+025
    96.60493827 +6.378366208902176E+025 +0.000000000000000E+000 +6.378366208902176E+025
    96.70267490 +6.853562276007707E+025 +0.000000000000000E+000 +6.853562276007707E+025
    96.80041152 +7.364161030070500E+025 +0.000000000000000E+000 +7.364161030070500E+025
    96.90329218 +7.942782289432981E+025 +0.000000000000000E+000 +7.942782289432981E+025
    97.00102881 +8.534529263845671E+025 +0.000000000000000E+000 +8.534529263845671E+025
    97.10390947 +9.205109395180067E+025 +0.000000000000000E+000 +9.205109395180067E+025
    97.20164609 +9.890901279590950E+025 +0.000000000000000E+000 +9.890901279590950E+025
    97.30452675 +1.066805508316171E+026 +0.000000000000000E+000 +1.066805508316171E+026
    97.40226337 +1.146283820679427E+026 +0.000000000000000E+000 +1.146283820679427E+026
    97.50000000 +1.231683364313864E+026 +0.000000000000000E+000 +1.231683364313864E+026
    97.60288066 +1.328459925348445E+026 +0.000000000000000E+000 +1.328459925348445E+026
    97.70061728 +1.427431811119416E+026 +0.000000000000000E+000 +1.427431811119416E+026
    97.80349794 +1.539588836044776E+026 +0.000000000000000E+000 +1.539588836044776E+026
    97.90123457 +1.654290083337063E+026 +0.000000000000000E+000 +1.654290083337063E+026
    98.00411523 +1.784271951938624E+026 +0.000000000000000E+000 +1.784271951938624E+026
    98.10185185 +1.917202389991015E+026 +0.000000000000000E+000 +1.917202389991015E+026
    98.20473251 +2.067841961399022E+026 +0.000000000000000E+000 +2.067841961399022E+026
    98.30246914 +2.221898711242134E+026 +0.000000000000000E+000 +2.221898711242134E+026
    98.40020576 +2.387432876968693E+026 +0.000000000000000E+000 +2.387432876968693E+026
    98.50308642 +2.575019679086978E+026 +0.000000000000000E+000 +2.575019679086978E+026
    98.60082305 +2.766861787888078E+026 +0.000000000000000E+000 +2.766861787888078E+026
    98.70370370 +2.984261305043177E+026 +0.000000000000000E+000 +2.984261305043177E+026
    98.80144033 +3.206592414441145E+026 +0.000000000000000E+000 +3.206592414441145E+026
    98.90432099 +3.458542709054454E+026 +0.000000000000000E+000 +3.458542709054454E+026
    99.00205761 +3.716208361892854E+026 +0.000000000000000E+000 +3.716208361892854E+026
    99.10493827 +4.008200505143318E+026 +0.000000000000000E+000 +4.008200505143318E+026
    99.20267490 +4.306816334625822E+026 +0.000000000000000E+000 +4.306816334625822E+026
    99.30041152 +4.627679407853518E+026 +0.000000000000000E+000 +4.627679407853518E+026
    99.40329218 +4.991288198585297E+026 +0.000000000000000E+000 +4.991288198585297E+026
    99.50102881 +5.363145261048665E+026 +0.000000000000000E+000 +5.363145261048665E+026
    99.60390946 +5.784541514120846E+026 +0.000000000000000E+000 +5.784541514120846E+026
    99.70164609 +6.215496916725743E+026 +0.000000000000000E+000 +6.215496916725743E+026
    99.80452675 +6.703864653231502E+026 +0.000000000000000E+000 +6.703864653231502E+026
    99.90226337 +7.203310751697474E+026 +0.000000000000000E+000 +7.203310751697474E+026
   100.00000000 +7.739966194053263E+026 +0.000000000000000E+000 +7.739966194053263E+026
   100.10288066 +8.348115441243644E+026 +0.000000000000000E+000 +8.348115441243644E+026
   100.20061728 +8.970060230159224E+026 +0.000000000000000E+000 +8.970060230159224E+026
   100.30349794 +9.674861160738865E+026 +0.000000000000000E+000 +9.674861160738865E+026
   100.40123457 +1.039565012499722E+027 +0.000000000000000E+000 +1.039565012499722E+027
   100.50411523 +1.121246335635591E+027 +0.000000000000000E+000 +1.121246335635591E+027
   100.60185185 +1.204780556077008E+027 +0.000000000000000E+000 +1.204780556077008E+027
   100.70473251 +1.299443293592681E+027 +0.000000000000000E+000 +1.299443293592681E+027
   100.80246914 +1.396253404884202E+027 +0.000000000000000E+000 +1.396253404884202E+027
   100.90020576 +1.500275987619832E+027 +0.000000000000000E+000 +1.500275987619832E+027
   101.00308642 +1.618156568693921E+027 +0.000000000000000E+000 +1.618156568693921E+027
   101.10082305 +1.738711207957363E+027 +0.000000000000000E+000 +1.738711207957363E+027
   101.20370370 +1.875326263590701E+027 +0.000000000000000E+000 +1.875326263590701E+027
   101.30144033 +2.015040358989340E+027 +0.000000000000000E+000 +2.015040358989340E+027
   101.40432099 +2.173367313740012E+027 +0.000000000000000E+000 +2.173367313740012E+027
   101.50205761 +2.335285831122024E+027 +0.000000000000000E+000 +2.335285831122024E+027
   101.60493827 +2.518775304404528E+027 +0.000000000000000E+000 +2.518775304404528E+027
   101.70267490 +2.706427138647763E+027 +0.000000000000000E+000 +2.706427138647763E+027
   101.80041152 +2.908059263563721E+027 +0.000000000000000E+000 +2.908059263563721E+027
   101.90329218 +3.136553033120503E+027 +0.000000000000000E+000 +3.136553033120503E+027
   102.00102881 +3.370230062126232E+027 +0.000000000000000E+000 +3.370230062126232E+027
   102.10390946 +3.635037791740761E+027 +0.000000000000000E+000 +3.635037791740761E+027
   102.20164609 +3.905852543644522E+027 +0.000000000000000E+000 +3.905852543644522E+027
   102.30452675 +4.212745522825628E+027 +0.000000000000000E+000 +4.212745522825628E+027
   102.40226337 +4.526600205764525E+027 +0.000000000000000E+000 +4.526600205764525E+027
   102.50000000 +4.863837445629530E+027 +0.000000000000000E+000 +4.863837445629530E+027
   102.60288066 +5.246001786772080E+027 +0.000000000000000E+000 +5.246001786772080E+027
   102.70061728 +5.636835322423170E+027 +0.000000000000000E+000 +5.636835322423170E+027
   102.80349794 +6.079736114483683E+027 +0.000000000000000E+000 +6.079736114483683E+027
   102.90123457 +6.532683875088885E+027 +0.000000000000000E+000 +6.532683875088885E+027
   103.00411523 +7.045973814755600E+027 +0.000000000000000E+000 +7.045973814755600E+027
   103.10185185 +7.570907463285747E+027 +0.000000000000000E+000 +7.570907463285747E+027
   103.20473251 +8.165773326896723E+027 +0.000000000000000E+000 +8.165773326896723E+027
   103.30246914 +8.774133405752155E+027 +0.000000000000000E+000 +8.774133405752155E+027
   103.40020576 +9.427817052961604E+027 +0.000000000000000E+000 +9.427817052961604E+027
   103.50308642 +1.016858512605892E+028 +0.000000000000000E+000 +1.016858512605892E+028
   103.60082305 +1.092615712830410E+028 +0.000000000000000E+000 +1.092615712830410E+028
   103.70370370 +1.178465367281965E+028 +0.000000000000000E+000 +1.178465367281965E+028
   103.80144033 +1.266262475414590E+028 +0.000000000000000E+000 +1.266262475414590E+028
   103.90432099 +1.365756007022063E+028 +0.000000000000000E+000 +1.365756007022063E+028
   104.00205761 +1.467506496396102E+028 +0.000000000000000E+000 +1.467506496396102E+028
   104.10493827 +1.582812293431233E+028 +0.000000000000000E+000 +1.582812293431233E+028
   104.20267490 +1.700733741051323E+028 +0.000000000000000E+000 +1.700733741051323E+028
   104.30041152 +1.827440480437547E+028 +0.000000000000000E+000 +1.827440480437547E+028
   104.40329218 +1.971027225469741E+028 +0.000000000000000E+000 +1.971027225469741E+028
   104.50102881 +2.117871159327585E+028 +0.000000000000000E+000 +2.117871159327585E+028
   104.60390946 +2.284277797147381E+028 +0.000000000000000E+000 +2.284277797147381E+028
   104.70164609 +2.454459280905076E+028 +0.000000000000000E+000 +2.454459280905076E+028
   104.80452675 +2.647312521671001E+028 +0.000000000000000E+000 +2.647312521671001E+028
   104.90226337 +2.844540535475151E+028 +0.000000000000000E+000 +2.844540535475151E+028
   105.00000000 +3.056462277016657E+028 +0.000000000000000E+000 +3.056462277016657E+028
   105.10288066 +3.296616456793517E+028 +0.000000000000000E+000 +3.296616456793517E+028
   105.20061728 +3.542218406213926E+028 +0.000000000000000E+000 +3.542218406213926E+028
   105.30349794 +3.820539706735627E+028 +0.000000000000000E+000 +3.820539706735627E+028
   105.40123457 +4.105174577704218E+028 +0.000000000000000E+000 +4.105174577704218E+028
   105.50411523 +4.427728806808481E+028 +0.000000000000000E+000 +4.427728806808481E+028
   105.60185185 +4.757600006782647E+028 +0.000000000000000E+000 +4.757600006782647E+028
   105.70473251 +5.131416996420253E+028 +0.000000000000000E+000 +5.131416996420253E+028
   105.80246914 +5.513713825343951E+028 +0.000000000000000E+000 +5.513713825343951E+028
   105.90020576 +5.924492234600543E+028 +0.000000000000000E+000 +5.924492234600543E+028
   106.00308642 +6.389994977393630E+028 +0.000000000000000E+000 +6.389994977393630E+028
   106.10082305 +6.866057401944223E+028 +0.000000000000000E+000 +6.866057401944223E+028
   106.20370370 +7.405541365500355E+028 +0.000000000000000E+000 +7.405541365500355E+028
   106.30144033 +7.957263235398883E+028 +0.000000000000000E+000 +7.957263235398883E+028
   106.40432099 +8.582486075522082E+028 +0.000000000000000E+000 +8.582486075522082E+028
