     0.00000000 +2.861790723607064E-005 +0.000000000000000E+000 +2.861790723607064E-005
     0.10288066 +2.816309119858293E-005 +0.000000000000000E+000 +2.816309119858293E-005
     0.20061728 +2.730199486462395E-005 +0.000000000000000E+000 +2.730199486462395E-005
     0.30349794 +2.621117604265855E-005 +0.000000000000000E+000 +2.621117604265855E-005
     0.40123457 +2.517732902168683E-005 +0.000000000000000E+000 +2.517732902168683E-005
     0.50411523 +2.422257337214350E-005 +0.000000000000000E+000 +2.422257337214350E-005
     0.60185185 +2.352664338860883E-005 +0.000000000000000E+000 +2.352664338860883E-005
     0.70473251 +2.306856747963892E-005 +0.000000000000000E+000 +2.306856747963892E-005
     0.80246914 +2.291328547884881E-005 +0.000000000000000E+000 +2.291328547884881E-005
     0.90020576 +2.303074549375397E-005 +0.000000000000000E+000 +2.303074549375397E-005
     1.00308642 +2.343906444171188E-005 +0.000000000000000E+000 +2.343906444171188E-005
     1.10082305 +2.408505350982035E-005 +0.000000000000000E+000 +2.408505350982035E-005
     1.20370370 +2.502403512872928E-005 +0.000000000000000E+000 +2.502403512872928E-005
     1.30144033 +2.615224305915609E-005 +0.000000000000000E+000 +2.615224305915609E-005
     1.40432099 +2.758043103921943E-005 +0.000000000000000E+000 +2.758043103921943E-005
     1.50205761 +2.916065966722997E-005 +0.000000000000000E+000 +2.916065966722997E-005
     1.60493827 +3.105609438442131E-005 +0.000000000000000E+000 +3.105609438442131E-005
     1.70267490 +3.307617247596877E-005 +0.000000000000000E+000 +3.307617247596877E-005
     1.80041152 +3.531078048905387E-005 +0.000000000000000E+000 +3.531078048905387E-005
     1.90329218 +3.789743359353412E-005 +0.000000000000000E+000 +3.789743359353412E-005
     2.00102881 +4.058186800882265E-005 +0.000000000000000E+000 +4.058186800882265E-005
     2.10390947 +4.365364208972344E-005 +0.000000000000000E+000 +4.365364208972344E-005
     2.20164609 +4.681451771702528E-005 +0.000000000000000E+000 +4.681451771702528E-005
     2.30452675 +5.040964492733834E-005 +0.000000000000000E+000 +5.040964492733834E-005
     2.40226337 +5.409388530068278E-005 +0.000000000000000E+000 +5.409388530068278E-005
     2.50000000 +5.805670723696080E-005 +0.000000000000000E+000 +5.805670723696080E-005
     2.60288066 +6.254962563381449E-005 +0.000000000000000E+000 +6.254962563381449E-005
     2.70061728 +6.714500327227562E-005 +0.000000000000000E+000 +6.714500327227562E-005
     2.80349794 +7.235161858675349E-005 +0.000000000000000E+000 +7.235161858675349E-005
     2.90123457 +7.767374276824555E-005 +0.000000000000000E+000 +7.767374276824555E-005
     3.00411523 +8.370007712627528E-005 +0.000000000000000E+000 +8.370007712627528E-005
     3.10185185 +8.985663538793225E-005 +0.000000000000000E+000 +8.985663538793225E-005
     3.20473251 +9.682489367979588E-005 +0.000000000000000E+000 +9.682489367979588E-005
     3.30246914 +1.039422943070027E-004 +0.000000000000000E+000 +1.039422943070027E-004
     3.40020576 +1.115812359355837E-004 +0.000000000000000E+000 +1.115812359355837E-004
     3.50308642 +1.202293896488101E-004 +0.000000000000000E+000 +1.202293896488101E-004
     3.60082305 +1.290674770368214E-004 +0.000000000000000E+000 +1.290674770368214E-004
     3.70370370 +1.390789887578504E-004 +0.000000000000000E+000 +1.390789887578504E-004
     3.80144033 +1.493165267183993E-004 +0.000000000000000E+000 +1.493165267183993E-004
     3.90432099 +1.609197530467379E-004 +0.000000000000000E+000 +1.609197530467379E-004
     4.00205761 +1.727906634918521E-004 +0.000000000000000E+000 +1.727906634918521E-004
     4.10493827 +1.862506194624848E-004 +0.000000000000000E+000 +1.862506194624848E-004
     4.20267490 +2.000257967410740E-004 +0.000000000000000E+000 +2.000257967410740E-004
     4.30041152 +2.148394974156128E-004 +0.000000000000000E+000 +2.148394974156128E-004
     4.40329218 +2.316427887237821E-004 +0.000000000000000E+000 +2.316427887237821E-004
     4.50102881 +2.488451688127029E-004 +0.000000000000000E+000 +2.488451688127029E-004
     4.60390947 +2.683607544375063E-004 +0.000000000000000E+000 +2.683607544375063E-004
     4.70164609 +2.883414847249603E-004 +0.000000000000000E+000 +2.883414847249603E-004
     4.80452675 +3.110092369057682E-004 +0.000000000000000E+000 +3.110092369057682E-004
     4.90226337 +3.342156637594810E-004 +0.000000000000000E+000 +3.342156637594810E-004
     5.00000000 +3.591743745898285E-004 +0.000000000000000E+000 +3.591743745898285E-004
     5.10288066 +3.874817200443304E-004 +0.000000000000000E+000 +3.874817200443304E-004
     5.20061728 +4.164510133586510E-004 +0.000000000000000E+000 +4.164510133586510E-004
     5.30349794 +4.492969415391957E-004 +0.000000000000000E+000 +4.492969415391957E-004
     5.40123457 +4.829007409195573E-004 +0.000000000000000E+000 +4.829007409195573E-004
     5.50411523 +5.209906979735618E-004 +0.000000000000000E+000 +5.209906979735618E-004
     5.60185185 +5.599498343616023E-004 +0.000000000000000E+000 +5.599498343616023E-004
     5.70473251 +6.041003732743448E-004 +0.000000000000000E+000 +6.041003732743448E-004
     5.80246914 +6.492495772344284E-004 +0.000000000000000E+000 +6.492495772344284E-004
     5.90020576 +6.977555310967950E-004 +0.000000000000000E+000 +6.977555310967950E-004
     6.00308642 +7.527112682898894E-004 +0.000000000000000E+000 +7.527112682898894E-004
     6.10082305 +8.088974232731068E-004 +0.000000000000000E+000 +8.088974232731068E-004
     6.20370370 +8.725470789444001E-004 +0.000000000000000E+000 +8.725470789444001E-004
     6.30144033 +9.376165339005331E-004 +0.000000000000000E+000 +9.376165339005331E-004
     6.40432099 +1.011326645273156E-003 +0.000000000000000E+000 +1.011326645273156E-003
     6.50205761 +1.086680798118200E-003 +0.000000000000000E+000 +1.086680798118200E-003
     6.60493827 +1.172043412940434E-003 +0.000000000000000E+000 +1.172043412940434E-003
     6.70267490 +1.259313511234158E-003 +0.000000000000000E+000 +1.259313511234158E-003
     6.80041152 +1.353057383163107E-003 +0.000000000000000E+000 +1.353057383163107E-003
     6.90329218 +1.459260116288624E-003 +0.000000000000000E+000 +1.459260116288624E-003
     7.00102881 +1.567844225381147E-003 +0.000000000000000E+000 +1.567844225381147E-003
     7.10390947 +1.690865421589523E-003 +0.000000000000000E+000 +1.690865421589523E-003
     7.20164609 +1.816651003175661E-003 +0.000000000000000E+000 +1.816651003175661E-003
     7.30452675 +1.959167639367817E-003 +0.000000000000000E+000 +1.959167639367817E-003
     7.40226337 +2.104894266308332E-003 +0.000000000000000E+000 +2.104894266308332E-003
     7.50000000 +2.261457877020544E-003 +0.000000000000000E+000 +2.261457877020544E-003
     7.60288066 +2.438860723818449E-003 +0.000000000000000E+000 +2.438860723818449E-003
     7.70061728 +2.620273603042772E-003 +0.000000000000000E+000 +2.620273603042772E-003
     7.80349794 +2.825842946969860E-003 +0.000000000000000E+000 +2.825842946969860E-003
     7.90123457 +3.036067875553152E-003 +0.000000000000000E+000 +3.036067875553152E-003
     8.00411523 +3.274294806616350E-003 +0.000000000000000E+000 +3.274294806616350E-003
     8.10185185 +3.517925120955990E-003 +0.000000000000000E+000 +3.517925120955990E-003
     8.20473251 +3.794015154246304E-003 +0.000000000000000E+000 +3.794015154246304E-003
     8.30246914 +4.076374470025416E-003 +0.000000000000000E+000 +4.076374470025416E-003
     8.40020576 +4.379779492534925E-003 +0.000000000000000E+000 +4.379779492534925E-003
     8.50308642 +4.723618856204555E-003 +0.000000000000000E+000 +4.723618856204555E-003
     8.60082305 +5.075276016084478E-003 +0.000000000000000E+000 +5.075276016084478E-003
     8.70370370 +5.473805364628934E-003 +0.000000000000000E+000 +5.473805364628934E-003
     8.80144033 +5.881402839007099E-003 +0.000000000000000E+000 +5.881402839007099E-003
     8.90432099 +6.343334697496091E-003 +0.000000000000000E+000 +6.343334697496091E-003
     9.00205761 +6.815780448450015E-003 +0.000000000000000E+000 +6.815780448450015E-003
     9.10493827 +7.351204496478663E-003 +0.000000000000000E+000 +7.351204496478663E-003
     9.20267490 +7.898810501797009E-003 +0.000000000000000E+000 +7.898810501797009E-003
     9.30041152 +8.487247013104946E-003 +0.000000000000000E+000 +8.487247013104946E-003
     9.40329218 +9.154108252030675E-003 +0.000000000000000E+000 +9.154108252030675E-003
     9.50102881 +9.836124232440126E-003 +0.000000000000000E+000 +9.836124232440126E-003
     9.60390947 +1.060902414777924E-002 +0.000000000000000E+000 +1.060902414777924E-002
     9.70164609 +1.139947757051229E-002 +0.000000000000000E+000 +1.139947757051229E-002
     9.80452675 +1.229525497547366E-002 +0.000000000000000E+000 +1.229525497547366E-002
     9.90226337 +1.321136803070677E-002 +0.000000000000000E+000 +1.321136803070677E-002
    10.00000000 +1.419574456826024E-002 +0.000000000000000E+000 +1.419574456826024E-002
    10.10288066 +1.531126881569155E-002 +0.000000000000000E+000 +1.531126881569155E-002
    10.20061728 +1.645209873410575E-002 +0.000000000000000E+000 +1.645209873410575E-002
    10.30349794 +1.774490100738468E-002 +0.000000000000000E+000 +1.774490100738468E-002
    10.40123457 +1.906700670919686E-002 +0.000000000000000E+000 +1.906700670919686E-002
    10.50411523 +2.056520297773976E-002 +0.000000000000000E+000 +2.056520297773976E-002
    10.60185185 +2.209732730930776E-002 +0.000000000000000E+000 +2.209732730930776E-002
    10.70473251 +2.383348223561147E-002 +0.000000000000000E+000 +2.383348223561147E-002
    10.80246914 +2.560892688849197E-002 +0.000000000000000E+000 +2.560892688849197E-002
    10.90020576 +2.751653786968094E-002 +0.000000000000000E+000 +2.751653786968094E-002
    11.00308642 +2.967815450467467E-002 +0.000000000000000E+000 +2.967815450467467E-002
    11.10082305 +3.188867486263694E-002 +0.000000000000000E+000 +3.188867486263694E-002
    11.20370370 +3.439353715414954E-002 +0.000000000000000E+000 +3.439353715414954E-002
    11.30144033 +3.695507751890684E-002 +0.000000000000000E+000 +3.695507751890684E-002
    11.40432099 +3.985771483948895E-002 +0.000000000000000E+000 +3.985771483948895E-002
    11.50205761 +4.282604979905020E-002 +0.000000000000000E+000 +4.282604979905020E-002
    11.60493827 +4.618967643434527E-002 +0.000000000000000E+000 +4.618967643434527E-002
    11.70267490 +4.962946474362367E-002 +0.000000000000000E+000 +4.962946474362367E-002
    11.80041152 +5.332539254495014E-002 +0.000000000000000E+000 +5.332539254495014E-002
    11.90329218 +5.751356738318612E-002 +0.000000000000000E+000 +5.751356738318612E-002
    12.00102881 +6.179663880402069E-002 +0.000000000000000E+000 +6.179663880402069E-002
    12.10390947 +6.665020263796828E-002 +0.000000000000000E+000 +6.665020263796828E-002
    12.20164609 +7.161378052904438E-002 +0.000000000000000E+000 +7.161378052904438E-002
    12.30452675 +7.723853140496681E-002 +0.000000000000000E+000 +7.723853140496681E-002
    12.40226337 +8.299081061610381E-002 +0.000000000000000E+000 +8.299081061610381E-002
    12.50000000 +8.917158781772470E-002 +0.000000000000000E+000 +8.917158781772470E-002
    12.60288066 +9.617573045725848E-002 +0.000000000000000E+000 +9.617573045725848E-002
    12.70061728 +1.033387333276726E-001 +0.000000000000000E+000 +1.033387333276726E-001
    12.80349794 +1.114559957440011E-001 +0.000000000000000E+000 +1.114559957440011E-001
    12.90123457 +1.197574172460584E-001 +0.000000000000000E+000 +1.197574172460584E-001
    13.00411523 +1.291648205948608E-001 +0.000000000000000E+000 +1.291648205948608E-001
    13.10185185 +1.387857151414810E-001 +0.000000000000000E+000 +1.387857151414810E-001
    13.20473251 +1.496884484139505E-001 +0.000000000000000E+000 +1.496884484139505E-001
    13.30246914 +1.608386668957857E-001 +0.000000000000000E+000 +1.608386668957857E-001
    13.40020576 +1.728197819099054E-001 +0.000000000000000E+000 +1.728197819099054E-001
    13.50308642 +1.863972739212607E-001 +0.000000000000000E+000 +1.863972739212607E-001
    13.60082305 +2.002830205858467E-001 +0.000000000000000E+000 +2.002830205858467E-001
    13.70370370 +2.160189403205832E-001 +0.000000000000000E+000 +2.160189403205832E-001
    13.80144033 +2.321121332386308E-001 +0.000000000000000E+000 +2.321121332386308E-001
    13.90432099 +2.503496407107750E-001 +0.000000000000000E+000 +2.503496407107750E-001
    14.00205761 +2.690012358269577E-001 +0.000000000000000E+000 +2.690012358269577E-001
    14.10493827 +2.901380576892182E-001 +0.000000000000000E+000 +2.901380576892182E-001
    14.20267490 +3.117548168498179E-001 +0.000000000000000E+000 +3.117548168498179E-001
    14.30041152 +3.349825369915731E-001 +0.000000000000000E+000 +3.349825369915731E-001
    14.40329218 +3.613052419054800E-001 +0.000000000000000E+000 +3.613052419054800E-001
    14.50102881 +3.882256288721976E-001 +0.000000000000000E+000 +3.882256288721976E-001
    14.60390947 +4.187330012225913E-001 +0.000000000000000E+000 +4.187330012225913E-001
    14.70164609 +4.499330299832902E-001 +0.000000000000000E+000 +4.499330299832902E-001
    14.80452675 +4.852902255647191E-001 +0.000000000000000E+000 +4.852902255647191E-001
    14.90226337 +5.214501307280304E-001 +0.000000000000000E+000 +5.214501307280304E-001
    15.00000000 +5.603046436065504E-001 +0.000000000000000E+000 +5.603046436065504E-001
    15.10288066 +6.043361173894606E-001 +0.000000000000000E+000 +6.043361173894606E-001
    15.20061728 +6.493671217993398E-001 +0.000000000000000E+000 +6.493671217993398E-001
    15.30349794 +7.003979541133629E-001 +0.000000000000000E+000 +7.003979541133629E-001
    15.40123457 +7.525871133541114E-001 +0.000000000000000E+000 +7.525871133541114E-001
    15.50411523 +8.117297300235082E-001 +0.000000000000000E+000 +8.117297300235082E-001
    15.60185185 +8.722146915046484E-001 +0.000000000000000E+000 +8.722146915046484E-001
    15.70473251 +9.407582907236729E-001 +0.000000000000000E+000 +9.407582907236729E-001
    15.80246914 +1.010857498305280E+000 +0.000000000000000E+000 +1.010857498305280E+000
    15.90020576 +1.086179905583569E+000 +0.000000000000000E+000 +1.086179905583569E+000
    16.00308642 +1.171537641904776E+000 +0.000000000000000E+000 +1.171537641904776E+000
    16.10082305 +1.258832452904616E+000 +0.000000000000000E+000 +1.258832452904616E+000
    16.20370370 +1.357757622852592E+000 +0.000000000000000E+000 +1.357757622852592E+000
    16.30144033 +1.458927700327830E+000 +0.000000000000000E+000 +1.458927700327830E+000
    16.40432099 +1.573576689286475E+000 +0.000000000000000E+000 +1.573576689286475E+000
    16.50205761 +1.690827345332037E+000 +0.000000000000000E+000 +1.690827345332037E+000
    16.60493827 +1.823699255979138E+000 +0.000000000000000E+000 +1.823699255979138E+000
    16.70267490 +1.959586267501127E+000 +0.000000000000000E+000 +1.959586267501127E+000
    16.80041152 +2.105597990860812E+000 +0.000000000000000E+000 +2.105597990860812E+000
    16.90329218 +2.271062604711195E+000 +0.000000000000000E+000 +2.271062604711195E+000
    17.00102881 +2.440281704792116E+000 +0.000000000000000E+000 +2.440281704792116E+000
    17.10390947 +2.632045423789618E+000 +0.000000000000000E+000 +2.632045423789618E+000
    17.20164609 +2.828160225401540E+000 +0.000000000000000E+000 +2.828160225401540E+000
    17.30452675 +3.050402733218359E+000 +0.000000000000000E+000 +3.050402733218359E+000
    17.40226337 +3.277687724569499E+000 +0.000000000000000E+000 +3.277687724569499E+000
    17.50000000 +3.521906721343749E+000 +0.000000000000000E+000 +3.521906721343749E+000
    17.60288066 +3.798661889968755E+000 +0.000000000000000E+000 +3.798661889968755E+000
    17.70061728 +4.081696080194324E+000 +0.000000000000000E+000 +4.081696080194324E+000
    17.80349794 +4.402437374926374E+000 +0.000000000000000E+000 +4.402437374926374E+000
    17.90123457 +4.730455410719872E+000 +0.000000000000000E+000 +4.730455410719872E+000
    18.00411523 +5.102173242616223E+000 +0.000000000000000E+000 +5.102173242616223E+000
    18.10185185 +5.482324076291543E+000 +0.000000000000000E+000 +5.482324076291543E+000
    18.20473251 +5.913119750753362E+000 +0.000000000000000E+000 +5.913119750753362E+000
    18.30246914 +6.353688416816689E+000 +0.000000000000000E+000 +6.353688416816689E+000
    18.40020576 +6.827080488954327E+000 +0.000000000000000E+000 +6.827080488954327E+000
    18.50308642 +7.363538761162471E+000 +0.000000000000000E+000 +7.363538761162471E+000
    18.60082305 +7.912166533993832E+000 +0.000000000000000E+000 +7.912166533993832E+000
    18.70370370 +8.533883118734867E+000 +0.000000000000000E+000 +8.533883118734867E+000
    18.80144033 +9.169702831555155E+000 +0.000000000000000E+000 +9.169702831555155E+000
    18.90432099 +9.890226662859652E+000 +0.000000000000000E+000 +9.890226662859652E+000
    19.00205761 +1.062709449750922E+001 +0.000000000000000E+000 +1.062709449750922E+001
    19.10493827 +1.146212762195969E+001 +0.000000000000000E+000 +1.146212762195969E+001
    19.20267490 +1.231610179620794E+001 +0.000000000000000E+000 +1.231610179620794E+001
    19.30041152 +1.323369664976641E+001 +0.000000000000000E+000 +1.323369664976641E+001
    19.40329218 +1.427353266574349E+001 +0.000000000000000E+000 +1.427353266574349E+001
    19.50102881 +1.533695490039985E+001 +0.000000000000000E+000 +1.533695490039985E+001
    19.60390947 +1.654204515445627E+001 +0.000000000000000E+000 +1.654204515445627E+001
    19.70164609 +1.777446995288927E+001 +0.000000000000000E+000 +1.777446995288927E+001
    19.80452675 +1.917107708122681E+001 +0.000000000000000E+000 +1.917107708122681E+001
    19.90226337 +2.059936284762098E+001 +0.000000000000000E+000 +2.059936284762098E+001
    20.00000000 +2.213405490275977E+001 +0.000000000000000E+000 +2.213405490275977E+001
    20.10288066 +2.387319713817665E+001 +0.000000000000000E+000 +2.387319713817665E+001
    20.20061728 +2.565178783274353E+001 +0.000000000000000E+000 +2.565178783274353E+001
    20.30349794 +2.766732099613306E+001 +0.000000000000000E+000 +2.766732099613306E+001
    20.40123457 +2.972857238381599E+001 +0.000000000000000E+000 +2.972857238381599E+001
    20.50411523 +3.206442271985551E+001 +0.000000000000000E+000 +3.206442271985551E+001
    20.60185185 +3.445325774845251E+001 +0.000000000000000E+000 +3.445325774845251E+001
    20.70473251 +3.716033314452696E+001 +0.000000000000000E+000 +3.716033314452696E+001
    20.80246914 +3.992881474060963E+001 +0.000000000000000E+000 +3.992881474060963E+001
    20.90020576 +4.290354958545878E+001 +0.000000000000000E+000 +4.290354958545878E+001
    21.00308642 +4.627457993662829E+001 +0.000000000000000E+000 +4.627457993662829E+001
    21.10082305 +4.972207897888401E+001 +0.000000000000000E+000 +4.972207897888401E+001
    21.20370370 +5.362885652510538E+001 +0.000000000000000E+000 +5.362885652510538E+001
    21.30144033 +5.762425677514224E+001 +0.000000000000000E+000 +5.762425677514224E+001
    21.40432099 +6.215192847947839E+001 +0.000000000000000E+000 +6.215192847947839E+001
    21.50205761 +6.678230849783863E+001 +0.000000000000000E+000 +6.678230849783863E+001
    21.60493827 +7.202955367122655E+001 +0.000000000000000E+000 +7.202955367122655E+001
    21.70267490 +7.739583127081838E+001 +0.000000000000000E+000 +7.739583127081838E+001
    21.80041152 +8.316190497891618E+001 +0.000000000000000E+000 +8.316190497891618E+001
    21.90329218 +8.969614361347574E+001 +0.000000000000000E+000 +8.969614361347574E+001
    22.00102881 +9.637861075964094E+001 +0.000000000000000E+000 +9.637861075964094E+001
    22.10390947 +1.039513265996411E+002 +0.000000000000000E+000 +1.039513265996411E+002
    22.20164609 +1.116958290394600E+002 +0.000000000000000E+000 +1.116958290394600E+002
    22.30452675 +1.204720664394347E+002 +0.000000000000000E+000 +1.204720664394347E+002
    22.40226337 +1.294473924276020E+002 +0.000000000000000E+000 +1.294473924276020E+002
    22.50000000 +1.390913956905291E+002 +0.000000000000000E+000 +1.390913956905291E+002
    22.60288066 +1.500201884620891E+002 +0.000000000000000E+000 +1.500201884620891E+002
    22.70061728 +1.611969002213021E+002 +0.000000000000000E+000 +1.611969002213021E+002
    22.80349794 +1.738625908236139E+002 +0.000000000000000E+000 +1.738625908236139E+002
    22.90123457 +1.868156010029877E+002 +0.000000000000000E+000 +1.868156010029877E+002
    23.00411523 +2.014942299991212E+002 +0.000000000000000E+000 +2.014942299991212E+002
    23.10185185 +2.165058402862334E+002 +0.000000000000000E+000 +2.165058402862334E+002
    23.20473251 +2.335173171339554E+002 +0.000000000000000E+000 +2.335173171339554E+002
    23.30246914 +2.509146932892920E+002 +0.000000000000000E+000 +2.509146932892920E+002
    23.40020576 +2.696081972799876E+002 +0.000000000000000E+000 +2.696081972799876E+002
    23.50308642 +2.907920708371793E+002 +0.000000000000000E+000 +2.907920708371793E+002
    23.60082305 +3.124564893891607E+002 +0.000000000000000E+000 +3.124564893891607E+002
    23.70370370 +3.370070635761649E+002 +0.000000000000000E+000 +3.370070635761649E+002
    23.80144033 +3.621145522499397E+002 +0.000000000000000E+000 +3.621145522499397E+002
    23.90432099 +3.905668834306713E+002 +0.000000000000000E+000 +3.905668834306713E+002
    24.00205761 +4.196646358422925E+002 +0.000000000000000E+000 +4.196646358422925E+002
    24.10493827 +4.526388151654628E+002 +0.000000000000000E+000 +4.526388151654628E+002
    24.20267490 +4.863609888021487E+002 +0.000000000000000E+000 +4.863609888021487E+002
    24.30041152 +5.225954970991628E+002 +0.000000000000000E+000 +5.225954970991628E+002
    24.40329218 +5.636571944556562E+002 +0.000000000000000E+000 +5.636571944556562E+002
    24.50102881 +6.056503435338072E+002 +0.000000000000000E+000 +6.056503435338072E+002
    24.60390947 +6.532378515999976E+002 +0.000000000000000E+000 +6.532378515999976E+002
    24.70164609 +7.019048440147310E+002 +0.000000000000000E+000 +7.019048440147310E+002
    24.80452675 +7.570552901524472E+002 +0.000000000000000E+000 +7.570552901524472E+002
    24.90226337 +8.134567804936456E+002 +0.000000000000000E+000 +8.134567804936456E+002
    25.00000000 +8.740602363014850E+002 +0.000000000000000E+000 +8.740602363014850E+002
    25.10288066 +9.427373325056935E+002 +0.000000000000000E+000 +9.427373325056935E+002
    25.20061728 +3.590638213288963E+001 +0.000000000000000E+000 +3.590638213288963E+001
    25.30349794 +3.844553363872185E+001 +0.000000000000000E+000 +3.844553363872185E+001
    25.40123457 +3.872240023089028E+001 +0.000000000000000E+000 +3.872240023089028E+001
    25.50411523 +3.701007363444183E+001 +0.000000000000000E+000 +3.701007363444183E+001
    25.60185185 +3.416268337988642E+001 +0.000000000000000E+000 +3.416268337988642E+001
    25.70473251 +3.050604468484677E+001 +0.000000000000000E+000 +3.050604468484677E+001
    25.80246914 +2.690581667961846E+001 +0.000000000000000E+000 +2.690581667961846E+001
    25.90020576 +2.359156030128557E+001 +0.000000000000000E+000 +2.359156030128557E+001
    26.00308642 +2.068468352976214E+001 +0.000000000000000E+000 +2.068468352976214E+001
    26.10082305 +1.856762590344056E+001 +0.000000000000000E+000 +1.856762590344056E+001
    26.20370370 +1.701956961960051E+001 +0.000000000000000E+000 +1.701956961960051E+001
    26.30144033 +1.616748785584047E+001 +0.000000000000000E+000 +1.616748785584047E+001
    26.40432099 +1.583263295600771E+001 +0.000000000000000E+000 +1.583263295600771E+001
    26.50205761 +1.587607935118785E+001 +0.000000000000000E+000 +1.587607935118785E+001
    26.60493827 +1.604795075967434E+001 +0.000000000000000E+000 +1.604795075967434E+001
    26.70267490 +1.611810942279649E+001 +0.000000000000000E+000 +1.611810942279649E+001
    26.80041152 +1.606020782220436E+001 +0.000000000000000E+000 +1.606020782220436E+001
    26.90329218 +1.603065405336730E+001 +0.000000000000000E+000 +1.603065405336730E+001
    27.00102881 +1.621154695822616E+001 +0.000000000000000E+000 +1.621154695822616E+001
    27.10390947 +1.667493679097619E+001 +0.000000000000000E+000 +1.667493679097619E+001
    27.20164609 +1.720146990120211E+001 +0.000000000000000E+000 +1.720146990120211E+001
    27.30452675 +1.756816674594482E+001 +0.000000000000000E+000 +1.756816674594482E+001
    27.40226337 +1.773785436628344E+001 +0.000000000000000E+000 +1.773785436628344E+001
    27.50000000 +1.770084557688386E+001 +0.000000000000000E+000 +1.770084557688386E+001
    27.60288066 +1.750636841287424E+001 +0.000000000000000E+000 +1.750636841287424E+001
    27.70061728 +1.723759286999330E+001 +0.000000000000000E+000 +1.723759286999330E+001
    27.80349794 +1.673162297317334E+001 +0.000000000000000E+000 +1.673162297317334E+001
    27.90123457 +1.600255158494535E+001 +0.000000000000000E+000 +1.600255158494535E+001
    28.00411523 +1.520212929400092E+001 +0.000000000000000E+000 +1.520212929400092E+001
    28.10185185 +1.467247964160150E+001 +0.000000000000000E+000 +1.467247964160150E+001
    28.20473251 +1.445504634491270E+001 +0.000000000000000E+000 +1.445504634491270E+001
    28.30246914 +1.446826965968953E+001 +0.000000000000000E+000 +1.446826965968953E+001
    28.40020576 +1.455373515733467E+001 +0.000000000000000E+000 +1.455373515733467E+001
    28.50308642 +1.464165541397251E+001 +0.000000000000000E+000 +1.464165541397251E+001
    28.60082305 +1.471686274144704E+001 +0.000000000000000E+000 +1.471686274144704E+001
    28.70370370 +1.479506737679998E+001 +0.000000000000000E+000 +1.479506737679998E+001
    28.80144033 +1.484970100813271E+001 +0.000000000000000E+000 +1.484970100813271E+001
    28.90432099 +1.485665688580150E+001 +0.000000000000000E+000 +1.485665688580150E+001
    29.00205761 +1.481518849787944E+001 +0.000000000000000E+000 +1.481518849787944E+001
    29.10493827 +1.475177722532077E+001 +0.000000000000000E+000 +1.475177722532077E+001
    29.20267490 +1.469119181882573E+001 +0.000000000000000E+000 +1.469119181882573E+001
    29.30041152 +1.460784387015309E+001 +0.000000000000000E+000 +1.460784387015309E+001
    29.40329218 +1.445089423323209E+001 +0.000000000000000E+000 +1.445089423323209E+001
    29.50102881 +1.422739477010776E+001 +0.000000000000000E+000 +1.422739477010776E+001
    29.60390947 +1.396371102069599E+001 +0.000000000000000E+000 +1.396371102069599E+001
    29.70164609 +1.376893396456436E+001 +0.000000000000000E+000 +1.376893396456436E+001
    29.80452675 +1.368862611024202E+001 +0.000000000000000E+000 +1.368862611024202E+001
    29.90226337 +1.373890155645568E+001 +0.000000000000000E+000 +1.373890155645568E+001
    30.00000000 +1.389452184563882E+001 +0.000000000000000E+000 +1.389452184563882E+001
    30.10288066 +1.414830269925519E+001 +0.000000000000000E+000 +1.414830269925519E+001
    30.20061728 +1.445976198671900E+001 +0.000000000000000E+000 +1.445976198671900E+001
    30.30349794 +1.485044419765916E+001 +0.000000000000000E+000 +1.485044419765916E+001
    30.40123457 +1.526132088265644E+001 +0.000000000000000E+000 +1.526132088265644E+001
    30.50411523 +1.569889855731679E+001 +0.000000000000000E+000 +1.569889855731679E+001
    30.60185185 +1.607849635663211E+001 +0.000000000000000E+000 +1.607849635663211E+001
    30.70473251 +1.641545774900950E+001 +0.000000000000000E+000 +1.641545774900950E+001
    30.80246914 +1.667607677421234E+001 +0.000000000000000E+000 +1.667607677421234E+001
    30.90020576 +1.689424044088381E+001 +0.000000000000000E+000 +1.689424044088381E+001
    31.00308642 +1.710545947996108E+001 +0.000000000000000E+000 +1.710545947996108E+001
    31.10082305 +1.731616326616802E+001 +0.000000000000000E+000 +1.731616326616802E+001
    31.20370370 +1.757639430871196E+001 +0.000000000000000E+000 +1.757639430871196E+001
    31.30144033 +1.788109134572815E+001 +0.000000000000000E+000 +1.788109134572815E+001
    31.40432099 +1.827764392736984E+001 +0.000000000000000E+000 +1.827764392736984E+001
    31.50205761 +1.873669276973441E+001 +0.000000000000000E+000 +1.873669276973441E+001
    31.60493827 +1.931600902764333E+001 +0.000000000000000E+000 +1.931600902764333E+001
    31.70267490 +1.996507048365805E+001 +0.000000000000000E+000 +1.996507048365805E+001
    31.80041152 +2.071614422284523E+001 +0.000000000000000E+000 +2.071614422284523E+001
    31.90329218 +2.162448842988003E+001 +0.000000000000000E+000 +2.162448842988003E+001
    32.00102881 +2.260720557296275E+001 +0.000000000000000E+000 +2.260720557296275E+001
    32.10390947 +2.377354060185662E+001 +0.000000000000000E+000 +2.377354060185662E+001
    32.20164609 +2.500787153722321E+001 +0.000000000000000E+000 +2.500787153722321E+001
    32.30452675 +2.643939433018045E+001 +0.000000000000000E+000 +2.643939433018045E+001
    32.40226337 +2.792691119283204E+001 +0.000000000000000E+000 +2.792691119283204E+001
    32.50000000 +2.954522167327658E+001 +0.000000000000000E+000 +2.954522167327658E+001
    32.60288066 +3.140279619215021E+001 +0.000000000000000E+000 +3.140279619215021E+001
    32.70061728 +3.333077911977144E+001 +0.000000000000000E+000 +3.333077911977144E+001
    32.80349794 +3.555271680803492E+001 +0.000000000000000E+000 +3.555271680803492E+001
    32.90123457 +3.786446824137406E+001 +0.000000000000000E+000 +3.786446824137406E+001
    33.00411523 +4.052603367416966E+001 +0.000000000000000E+000 +4.052603367416966E+001
    33.10185185 +4.328469971707791E+001 +0.000000000000000E+000 +4.328469971707791E+001
    33.20473251 +4.644337071814223E+001 +0.000000000000000E+000 +4.644337071814223E+001
    33.30246914 +4.969659438394860E+001 +0.000000000000000E+000 +4.969659438394860E+001
    33.40020576 +5.320577431945905E+001 +0.000000000000000E+000 +5.320577431945905E+001
    33.50308642 +5.718839427005267E+001 +0.000000000000000E+000 +5.718839427005267E+001
    33.60082305 +6.125997234329396E+001 +0.000000000000000E+000 +6.125997234329396E+001
    33.70370370 +6.586625393280397E+001 +0.000000000000000E+000 +6.586625393280397E+001
    33.80144033 +7.056476108205577E+001 +0.000000000000000E+000 +7.056476108205577E+001
    33.90432099 +7.587157270249503E+001 +0.000000000000000E+000 +7.587157270249503E+001
    34.00205761 +8.127816382563411E+001 +0.000000000000000E+000 +8.127816382563411E+001
    34.10493827 +8.737961469049721E+001 +0.000000000000000E+000 +8.737961469049721E+001
    34.20267490 +9.359230655591918E+001 +0.000000000000000E+000 +9.359230655591918E+001
    34.30041152 +1.002392525288212E+002 +0.000000000000000E+000 +1.002392525288212E+002
    34.40329218 +1.077392985935903E+002 +0.000000000000000E+000 +1.077392985935903E+002
    34.50102881 +1.153778899582971E+002 +0.000000000000000E+000 +1.153778899582971E+002
    34.60390947 +1.240005130440963E+002 +0.000000000000000E+000 +1.240005130440963E+002
    34.70164609 +1.327868196461354E+002 +0.000000000000000E+000 +1.327868196461354E+002
    34.80452675 +1.427099681070161E+002 +0.000000000000000E+000 +1.427099681070161E+002
    34.90226337 +1.528260413898090E+002 +0.000000000000000E+000 +1.528260413898090E+002
    35.00000000 +1.636642220505360E+002 +0.000000000000000E+000 +1.636642220505360E+002
    35.10288066 +1.759121753523758E+002 +0.000000000000000E+000 +1.759121753523758E+002
    35.20061728 +1.884061378032024E+002 +0.000000000000000E+000 +1.884061378032024E+002
    35.30349794 +2.025323667864283E+002 +0.000000000000000E+000 +2.025323667864283E+002
    35.40123457 +2.169505327466377E+002 +0.000000000000000E+000 +2.169505327466377E+002
    35.50411523 +2.332626366268957E+002 +0.000000000000000E+000 +2.332626366268957E+002
    35.60185185 +2.499232105265328E+002 +0.000000000000000E+000 +2.499232105265328E+002
    35.70473251 +2.687860446000767E+002 +0.000000000000000E+000 +2.687860446000767E+002
    35.80246914 +2.880666286974424E+002 +0.000000000000000E+000 +2.880666286974424E+002
    35.90020576 +3.087809214981518E+002 +0.000000000000000E+000 +3.087809214981518E+002
    36.00308642 +3.322605653387395E+002 +0.000000000000000E+000 +3.322605653387395E+002
    36.10082305 +3.562873255218533E+002 +0.000000000000000E+000 +3.562873255218533E+002
    36.20370370 +3.835404118256326E+002 +0.000000000000000E+000 +3.835404118256326E+002
    36.30144033 +4.114456383457206E+002 +0.000000000000000E+000 +4.114456383457206E+002
    36.40432099 +4.431146818178328E+002 +0.000000000000000E+000 +4.431146818178328E+002
    36.50205761 +4.755556578150795E+002 +0.000000000000000E+000 +4.755556578150795E+002
    36.60493827 +5.123846069021026E+002 +0.000000000000000E+000 +5.123846069021026E+002
    36.70267490 +5.501200356114412E+002 +0.000000000000000E+000 +5.501200356114412E+002
    36.80041152 +5.907428094977672E+002 +0.000000000000000E+000 +5.907428094977672E+002
    36.90329218 +6.368653071814633E+002 +0.000000000000000E+000 +6.368653071814633E+002
    37.00102881 +6.841209055659624E+002 +0.000000000000000E+000 +6.841209055659624E+002
    37.10390947 +7.377644756099594E+002 +0.000000000000000E+000 +7.377644756099594E+002
    37.20164609 +7.927111602369316E+002 +0.000000000000000E+000 +7.927111602369316E+002
    37.30452675 +8.550640023749770E+002 +0.000000000000000E+000 +8.550640023749770E+002
    37.40226337 +9.189057784528258E+002 +0.000000000000000E+000 +9.189057784528258E+002
    37.50000000 +9.875666529716598E+002 +0.000000000000000E+000 +9.875666529716598E+002
    37.60288066 +1.065429148201533E+003 +0.000000000000000E+000 +1.065429148201533E+003
    37.70061728 +1.145094380295518E+003 +0.000000000000000E+000 +1.145094380295518E+003
    37.80349794 +1.235392132657122E+003 +0.000000000000000E+000 +1.235392132657122E+003
    37.90123457 +1.327736897622404E+003 +0.000000000000000E+000 +1.327736897622404E+003
    38.00411523 +1.432359401331002E+003 +0.000000000000000E+000 +1.432359401331002E+003
    38.10185185 +1.539309034193594E+003 +0.000000000000000E+000 +1.539309034193594E+003
    38.20473251 +1.660432637000983E+003 +0.000000000000000E+000 +1.660432637000983E+003
    38.30246914 +1.784209834899242E+003 +0.000000000000000E+000 +1.784209834899242E+003
    38.40020576 +1.917094332024429E+003 +0.000000000000000E+000 +1.917094332024429E+003
    38.50308642 +2.067535026635279E+003 +0.000000000000000E+000 +2.067535026635279E+003
    38.60082305 +2.221228882815725E+003 +0.000000000000000E+000 +2.221228882815725E+003
    38.70370370 +2.395211253961201E+003 +0.000000000000000E+000 +2.395211253961201E+003
    38.80144033 +2.572948897560551E+003 +0.000000000000000E+000 +2.572948897560551E+003
    38.90432099 +2.774152449785634E+003 +0.000000000000000E+000 +2.774152449785634E+003
    39.00205761 +2.979712928247542E+003 +0.000000000000000E+000 +2.979712928247542E+003
    39.10493827 +3.212439683547169E+003 +0.000000000000000E+000 +3.212439683547169E+003
    39.20267490 +3.450243379042298E+003 +0.000000000000000E+000 +3.450243379042298E+003
    39.30041152 +3.705577633991119E+003 +0.000000000000000E+000 +3.705577633991119E+003
    39.40329218 +3.994744849393898E+003 +0.000000000000000E+000 +3.994744849393898E+003
    39.50102881 +4.290321710612269E+003 +0.000000000000000E+000 +4.290321710612269E+003
    39.60390947 +4.625149832139225E+003 +0.000000000000000E+000 +4.625149832139225E+003
    39.70164609 +4.967489985298183E+003 +0.000000000000000E+000 +4.967489985298183E+003
    39.80452675 +5.355393986388425E+003 +0.000000000000000E+000 +5.355393986388425E+003
    39.90226337 +5.752103425630300E+003 +0.000000000000000E+000 +5.752103425630300E+003
    40.00000000 +6.178424097399218E+003 +0.000000000000000E+000 +6.178424097399218E+003
    40.10288066 +6.661657989436950E+003 +0.000000000000000E+000 +6.661657989436950E+003
    40.20061728 +7.156023672168485E+003 +0.000000000000000E+000 +7.156023672168485E+003
    40.30349794 +7.716491489616013E+003 +0.000000000000000E+000 +7.716491489616013E+003
    40.40123457 +8.289962480799242E+003 +0.000000000000000E+000 +8.289962480799242E+003
    40.50411523 +8.940198932092790E+003 +0.000000000000000E+000 +8.940198932092790E+003
    40.60185185 +9.605589857669755E+003 +0.000000000000000E+000 +9.605589857669755E+003
    40.70473251 +1.036010619149346E+004 +0.000000000000000E+000 +1.036010619149346E+004
    40.80246914 +1.113224184449063E+004 +0.000000000000000E+000 +1.113224184449063E+004
    40.90020576 +1.196243175348718E+004 +0.000000000000000E+000 +1.196243175348718E+004
    41.00308642 +1.290382651951990E+004 +0.000000000000000E+000 +1.290382651951990E+004
    41.10082305 +1.386717454611224E+004 +0.000000000000000E+000 +1.386717454611224E+004
    41.20370370 +1.495950432799102E+004 +0.000000000000000E+000 +1.495950432799102E+004
    41.30144033 +1.607722520835293E+004 +0.000000000000000E+000 +1.607722520835293E+004
    41.40432099 +1.734448330790314E+004 +0.000000000000000E+000 +1.734448330790314E+004
    41.50205761 +1.864106632444178E+004 +0.000000000000000E+000 +1.864106632444178E+004
    41.60493827 +2.011095129418453E+004 +0.000000000000000E+000 +2.011095129418453E+004
    41.70267490 +2.161467151845923E+004 +0.000000000000000E+000 +2.161467151845923E+004
    41.80041152 +2.323083922877769E+004 +0.000000000000000E+000 +2.323083922877769E+004
    41.90329218 +2.506268901417612E+004 +0.000000000000000E+000 +2.506268901417612E+004
    42.00102881 +2.693636315708022E+004 +0.000000000000000E+000 +2.693636315708022E+004
    42.10390947 +2.905983112977094E+004 +0.000000000000000E+000 +2.905983112977094E+004
    42.20164609 +3.123153500448280E+004 +0.000000000000000E+000 +3.123153500448280E+004
    42.30452675 +3.369250377317498E+004 +0.000000000000000E+000 +3.369250377317498E+004
    42.40226337 +3.620912987594595E+004 +0.000000000000000E+000 +3.620912987594595E+004
    42.50000000 +3.891296384380992E+004 +0.000000000000000E+000 +3.891296384380992E+004
    42.60288066 +4.197656719240684E+004 +0.000000000000000E+000 +4.197656719240684E+004
    42.70061728 +4.510912696992858E+004 +0.000000000000000E+000 +4.510912696992858E+004
    42.80349794 +4.865831217603048E+004 +0.000000000000000E+000 +4.865831217603048E+004
    42.90123457 +5.228723221571705E+004 +0.000000000000000E+000 +5.228723221571705E+004
    43.00411523 +5.639866952295446E+004 +0.000000000000000E+000 +5.639866952295446E+004
    43.10185185 +6.060239375683406E+004 +0.000000000000000E+000 +6.060239375683406E+004
    43.20473251 +6.536502459146544E+004 +0.000000000000000E+000 +6.536502459146544E+004
    43.30246914 +7.023456642841813E+004 +0.000000000000000E+000 +7.023456642841813E+004
    43.40020576 +7.546575141918192E+004 +0.000000000000000E+000 +7.546575141918192E+004
    43.50308642 +8.139257368678031E+004 +0.000000000000000E+000 +8.139257368678031E+004
    43.60082305 +8.745263289185650E+004 +0.000000000000000E+000 +8.745263289185650E+004
    43.70370370 +9.431876120735379E+004 +0.000000000000000E+000 +9.431876120735379E+004
    43.80144033 +1.013394871804051E+005 +0.000000000000000E+000 +1.013394871804051E+005
    43.90432099 +1.092943686664831E+005 +0.000000000000000E+000 +1.092943686664831E+005
    44.00205761 +1.174286919469107E+005 +0.000000000000000E+000 +1.174286919469107E+005
    44.10493827 +1.266457283295344E+005 +0.000000000000000E+000 +1.266457283295344E+005
    44.20267490 +1.360710744253455E+005 +0.000000000000000E+000 +1.360710744253455E+005
    44.30041152 +1.461980106978066E+005 +0.000000000000000E+000 +1.461980106978066E+005
    44.40329218 +1.576735831648318E+005 +0.000000000000000E+000 +1.576735831648318E+005
    44.50102881 +1.694091935131128E+005 +0.000000000000000E+000 +1.694091935131128E+005
    44.60390947 +1.827081475968893E+005 +0.000000000000000E+000 +1.827081475968893E+005
    44.70164609 +1.963089023380291E+005 +0.000000000000000E+000 +1.963089023380291E+005
    44.80452675 +2.117219155248003E+005 +0.000000000000000E+000 +2.117219155248003E+005
    44.90226337 +2.274851096934770E+005 +0.000000000000000E+000 +2.274851096934770E+005
    45.00000000 +2.444234156181626E+005 +0.000000000000000E+000 +2.444234156181626E+005
    45.10288066 +2.636192690501263E+005 +0.000000000000000E+000 +2.636192690501263E+005
    45.20061728 +2.832517205800154E+005 +0.000000000000000E+000 +2.832517205800154E+005
    45.30349794 +3.055010309638635E+005 +0.000000000000000E+000 +3.055010309638635E+005
    45.40123457 +3.282565469893873E+005 +0.000000000000000E+000 +3.282565469893873E+005
    45.50411523 +3.540452959497686E+005 +0.000000000000000E+000 +3.540452959497686E+005
    45.60185185 +3.804207931849479E+005 +0.000000000000000E+000 +3.804207931849479E+005
    45.70473251 +4.103119889143468E+005 +0.000000000000000E+000 +4.103119889143468E+005
    45.80246914 +4.408831325092094E+005 +0.000000000000000E+000 +4.408831325092094E+005
    45.90020576 +4.737337158121270E+005 +0.000000000000000E+000 +4.737337158121270E+005
    46.00308642 +5.109626771026269E+005 +0.000000000000000E+000 +5.109626771026269E+005
    46.10082305 +5.490379965622032E+005 +0.000000000000000E+000 +5.490379965622032E+005
    46.20370370 +5.921875971574899E+005 +0.000000000000000E+000 +5.921875971574899E+005
    46.30144033 +6.363176578574077E+005 +0.000000000000000E+000 +6.363176578574077E+005
    46.40432099 +6.863283299492227E+005 +0.000000000000000E+000 +6.863283299492227E+005
    46.50205761 +7.374747624667141E+005 +0.000000000000000E+000 +7.374747624667141E+005
    46.60493827 +7.954361121219826E+005 +0.000000000000000E+000 +7.954361121219826E+005
    46.70267490 +8.547131226635713E+005 +0.000000000000000E+000 +8.547131226635713E+005
    46.80041152 +9.184069048293729E+005 +0.000000000000000E+000 +9.184069048293729E+005
    46.90329218 +9.905863537097269E+005 +0.000000000000000E+000 +9.905863537097269E+005
    47.00102881 +1.064403160279193E+006 +0.000000000000000E+000 +1.064403160279193E+006
    47.10390947 +1.148053602894518E+006 +0.000000000000000E+000 +1.148053602894518E+006
    47.20164609 +1.233601006133347E+006 +0.000000000000000E+000 +1.233601006133347E+006
    47.30452675 +1.330544163678963E+006 +0.000000000000000E+000 +1.330544163678963E+006
    47.40226337 +1.429685218019863E+006 +0.000000000000000E+000 +1.429685218019863E+006
    47.50000000 +1.536210951841873E+006 +0.000000000000000E+000 +1.536210951841873E+006
    47.60288066 +1.656926309888568E+006 +0.000000000000000E+000 +1.656926309888568E+006
    47.70061728 +1.780378037057789E+006 +0.000000000000000E+000 +1.780378037057789E+006
    47.80349794 +1.920273803599676E+006 +0.000000000000000E+000 +1.920273803599676E+006
    47.90123457 +2.063340636383970E+006 +0.000000000000000E+000 +2.063340636383970E+006
    48.00411523 +2.225464303172359E+006 +0.000000000000000E+000 +2.225464303172359E+006
    48.10185185 +2.391263004184796E+006 +0.000000000000000E+000 +2.391263004184796E+006
    48.20473251 +2.579146711702758E+006 +0.000000000000000E+000 +2.579146711702758E+006
    48.30246914 +2.771289705666497E+006 +0.000000000000000E+000 +2.771289705666497E+006
    48.40020576 +2.977744915625767E+006 +0.000000000000000E+000 +2.977744915625767E+006
    48.50308642 +3.211701472668315E+006 +0.000000000000000E+000 +3.211701472668315E+006
    48.60082305 +3.450962611796828E+006 +0.000000000000000E+000 +3.450962611796828E+006
    48.70370370 +3.722095777113409E+006 +0.000000000000000E+000 +3.722095777113409E+006
    48.80144033 +3.999377157609278E+006 +0.000000000000000E+000 +3.999377157609278E+006
    48.90432099 +4.313596053527806E+006 +0.000000000000000E+000 +4.313596053527806E+006
    49.00205761 +4.634940977789835E+006 +0.000000000000000E+000 +4.634940977789835E+006
    49.10493827 +4.999094129339742E+006 +0.000000000000000E+000 +4.999094129339742E+006
    49.20267490 +5.371506583242573E+006 +0.000000000000000E+000 +5.371506583242573E+006
    49.30041152 +5.771663225587979E+006 +0.000000000000000E+000 +5.771663225587979E+006
    49.40329218 +6.225128409775944E+006 +0.000000000000000E+000 +6.225128409775944E+006
    49.50102881 +6.688879817333546E+006 +0.000000000000000E+000 +6.688879817333546E+006
    49.60390947 +7.214412607891697E+006 +0.000000000000000E+000 +7.214412607891697E+006
    49.70164609 +7.751867084424358E+006 +0.000000000000000E+000 +7.751867084424358E+006
    49.80452675 +8.360922419696869E+006 +0.000000000000000E+000 +8.360922419696869E+006
    49.90226337 +8.983794731887439E+006 +0.000000000000000E+000 +8.983794731887439E+006
    50.00000000 +9.653072935620153E+006 +0.000000000000000E+000 +9.653072935620153E+006
    50.10288066 +1.041151461951680E+007 +0.000000000000000E+000 +1.041151461951680E+007
    50.20061728 +1.118716286398591E+007 +0.000000000000000E+000 +1.118716286398591E+007
    50.30349794 +4.240519422839638E+005 +0.000000000000000E+000 +4.240519422839638E+005
    50.40123457 +4.606718142584806E+005 +0.000000000000000E+000 +4.606718142584806E+005
    50.50411523 +4.736473147956702E+005 +0.000000000000000E+000 +4.736473147956702E+005
    50.60185185 +4.606561178395946E+005 +0.000000000000000E+000 +4.606561178395946E+005
    50.70473251 +4.284335725786605E+005 +0.000000000000000E+000 +4.284335725786605E+005
    50.80246914 +3.879138812569396E+005 +0.000000000000000E+000 +3.879138812569396E+005
    50.90020576 +3.439090654249265E+005 +0.000000000000000E+000 +3.439090654249265E+005
    51.00308642 +2.996740164369625E+005 +0.000000000000000E+000 +2.996740164369625E+005
    51.10082305 +2.635465757685572E+005 +0.000000000000000E+000 +2.635465757685572E+005
    51.20370370 +2.335904028852198E+005 +0.000000000000000E+000 +2.335904028852198E+005
    51.30144033 +2.130567408470840E+005 +0.000000000000000E+000 +2.130567408470840E+005
    51.40432099 +1.995436741206566E+005 +0.000000000000000E+000 +1.995436741206566E+005
    51.50205761 +1.936781553283700E+005 +0.000000000000000E+000 +1.936781553283700E+005
    51.60493827 +1.929968541608934E+005 +0.000000000000000E+000 +1.929968541608934E+005
    51.70267490 +1.948478314655865E+005 +0.000000000000000E+000 +1.948478314655865E+005
    51.80041152 +1.962855471623552E+005 +0.000000000000000E+000 +1.962855471623552E+005
    51.90329218 +1.960564070347140E+005 +0.000000000000000E+000 +1.960564070347140E+005
    52.00102881 +1.951952019446658E+005 +0.000000000000000E+000 +1.951952019446658E+005
    52.10390947 +1.965656442133280E+005 +0.000000000000000E+000 +1.965656442133280E+005
    52.20164609 +2.008623008032682E+005 +0.000000000000000E+000 +2.008623008032682E+005
    52.30452675 +2.077690975398411E+005 +0.000000000000000E+000 +2.077690975398411E+005
    52.40226337 +2.128239669183491E+005 +0.000000000000000E+000 +2.128239669183491E+005
    52.50000000 +2.156837063894269E+005 +0.000000000000000E+000 +2.156837063894269E+005
    52.60288066 +2.161413600605601E+005 +0.000000000000000E+000 +2.161413600605601E+005
    52.70061728 +2.143075642835751E+005 +0.000000000000000E+000 +2.143075642835751E+005
    52.80349794 +2.112981942058622E+005 +0.000000000000000E+000 +2.112981942058622E+005
    52.90123457 +2.065055258787526E+005 +0.000000000000000E+000 +2.065055258787526E+005
    53.00411523 +1.980477427817254E+005 +0.000000000000000E+000 +1.980477427817254E+005
    53.10185185 +1.884998116597154E+005 +0.000000000000000E+000 +1.884998116597154E+005
    53.20473251 +1.804443747708338E+005 +0.000000000000000E+000 +1.804443747708338E+005
    53.30246914 +1.766706648008731E+005 +0.000000000000000E+000 +1.766706648008731E+005
    53.40020576 +1.760960906791782E+005 +0.000000000000000E+000 +1.760960906791782E+005
    53.50308642 +1.770317576878399E+005 +0.000000000000000E+000 +1.770317576878399E+005
    53.60082305 +1.780986845611229E+005 +0.000000000000000E+000 +1.780986845611229E+005
    53.70370370 +1.790831866128540E+005 +0.000000000000000E+000 +1.790831866128540E+005
    53.80144033 +1.800034522608900E+005 +0.000000000000000E+000 +1.800034522608900E+005
    53.90432099 +1.808334325379501E+005 +0.000000000000000E+000 +1.808334325379501E+005
    54.00205761 +1.811366335257678E+005 +0.000000000000000E+000 +1.811366335257678E+005
    54.10493827 +1.807824353766678E+005 +0.000000000000000E+000 +1.807824353766678E+005
    54.20267490 +1.800847484912203E+005 +0.000000000000000E+000 +1.800847484912203E+005
    54.30041152 +1.793529243373116E+005 +0.000000000000000E+000 +1.793529243373116E+005
    54.40329218 +1.784470732099813E+005 +0.000000000000000E+000 +1.784470732099813E+005
    54.50102881 +1.769424553976090E+005 +0.000000000000000E+000 +1.769424553976090E+005
    54.60390947 +1.743683525939751E+005 +0.000000000000000E+000 +1.743683525939751E+005
    54.70164609 +1.713233244001588E+005 +0.000000000000000E+000 +1.713233244001588E+005
    54.80452675 +1.684747769946459E+005 +0.000000000000000E+000 +1.684747769946459E+005
    54.90226337 +1.670270125547163E+005 +0.000000000000000E+000 +1.670270125547163E+005
    55.00000000 +1.671102018820707E+005 +0.000000000000000E+000 +1.671102018820707E+005
    55.10288066 +1.686808401451591E+005 +0.000000000000000E+000 +1.686808401451591E+005
    55.20061728 +1.713072780426689E+005 +0.000000000000000E+000 +1.713072780426689E+005
    55.30349794 +1.750228308963858E+005 +0.000000000000000E+000 +1.750228308963858E+005
    55.40123457 +1.793323966174326E+005 +0.000000000000000E+000 +1.793323966174326E+005
    55.50411523 +1.844805006309892E+005 +0.000000000000000E+000 +1.844805006309892E+005
    55.60185185 +1.895957269266975E+005 +0.000000000000000E+000 +1.895957269266975E+005
    55.70473251 +1.946785038881198E+005 +0.000000000000000E+000 +1.946785038881198E+005
    55.80246914 +1.988433197123423E+005 +0.000000000000000E+000 +1.988433197123423E+005
    55.90020576 +2.022771331763743E+005 +0.000000000000000E+000 +2.022771331763743E+005
    56.00308642 +2.052441866058403E+005 +0.000000000000000E+000 +2.052441866058403E+005
    56.10082305 +2.077348591472232E+005 +0.000000000000000E+000 +2.077348591472232E+005
    56.20370370 +2.103725814476881E+005 +0.000000000000000E+000 +2.103725814476881E+005
    56.30144033 +2.132203640851327E+005 +0.000000000000000E+000 +2.132203640851327E+005
    56.40432099 +2.168794035378234E+005 +0.000000000000000E+000 +2.168794035378234E+005
    56.50205761 +2.211830873252144E+005 +0.000000000000000E+000 +2.211830873252144E+005
    56.60493827 +2.267321545496631E+005 +0.000000000000000E+000 +2.267321545496631E+005
    56.70267490 +2.330832241622603E+005 +0.000000000000000E+000 +2.330832241622603E+005
    56.80041152 +2.405820451081957E+005 +0.000000000000000E+000 +2.405820451081957E+005
    56.90329218 +2.497954671473984E+005 +0.000000000000000E+000 +2.497954671473984E+005
    57.00102881 +2.598822043174865E+005 +0.000000000000000E+000 +2.598822043174865E+005
    57.10390947 +2.720081819887489E+005 +0.000000000000000E+000 +2.720081819887489E+005
    57.20164609 +2.850417385386192E+005 +0.000000000000000E+000 +2.850417385386192E+005
    57.30452675 +3.003866699522665E+005 +0.000000000000000E+000 +3.003866699522665E+005
    57.40226337 +3.165004897459545E+005 +0.000000000000000E+000 +3.165004897459545E+005
    57.50000000 +3.341192931305100E+005 +0.000000000000000E+000 +3.341192931305100E+005
    57.60288066 +3.543547925417077E+005 +0.000000000000000E+000 +3.543547925417077E+005
    57.70061728 +3.753085803372719E+005 +0.000000000000000E+000 +3.753085803372719E+005
    57.80349794 +3.993882763380128E+005 +0.000000000000000E+000 +3.993882763380128E+005
    57.90123457 +4.244161187333218E+005 +0.000000000000000E+000 +4.244161187333218E+005
    58.00411523 +4.532714737074422E+005 +0.000000000000000E+000 +4.532714737074422E+005
    58.10185185 +4.832685497670542E+005 +0.000000000000000E+000 +4.832685497670542E+005
    58.20473251 +5.177493239626394E+005 +0.000000000000000E+000 +5.177493239626394E+005
    58.30246914 +5.534150237507010E+005 +0.000000000000000E+000 +5.534150237507010E+005
    58.40020576 +5.920435932174744E+005 +0.000000000000000E+000 +5.920435932174744E+005
    58.50308642 +6.360360646447797E+005 +0.000000000000000E+000 +6.360360646447797E+005
    58.60082305 +6.811274528557776E+005 +0.000000000000000E+000 +6.811274528557776E+005
    58.70370370 +7.322349449663101E+005 +0.000000000000000E+000 +7.322349449663101E+005
    58.80144033 +7.844344700893713E+005 +0.000000000000000E+000 +7.844344700893713E+005
    58.90432099 +8.434495324938432E+005 +0.000000000000000E+000 +8.434495324938432E+005
    59.00205761 +9.036160693622143E+005 +0.000000000000000E+000 +9.036160693622143E+005
    59.10493827 +9.715481189511318E+005 +0.000000000000000E+000 +9.715481189511318E+005
    59.20267490 +1.040740403662538E+006 +0.000000000000000E+000 +1.040740403662538E+006
    59.30041152 +1.114775838202978E+006 +0.000000000000000E+000 +1.114775838202978E+006
    59.40329218 +1.198304912019565E+006 +0.000000000000000E+000 +1.198304912019565E+006
    59.50102881 +1.283358015306480E+006 +0.000000000000000E+000 +1.283358015306480E+006
    59.60390947 +1.379338326220932E+006 +0.000000000000000E+000 +1.379338326220932E+006
    59.70164609 +1.477107203775369E+006 +0.000000000000000E+000 +1.477107203775369E+006
    59.80452675 +1.587490563466873E+006 +0.000000000000000E+000 +1.587490563466873E+006
    59.90226337 +1.699988049224251E+006 +0.000000000000000E+000 +1.699988049224251E+006
    60.00000000 +1.820485341706311E+006 +0.000000000000000E+000 +1.820485341706311E+006
    60.10288066 +1.956619765416536E+006 +0.000000000000000E+000 +1.956619765416536E+006
    60.20061728 +2.095446647055881E+006 +0.000000000000000E+000 +2.095446647055881E+006
    60.30349794 +2.252356056761877E+006 +0.000000000000000E+000 +2.252356056761877E+006
    60.40123457 +2.412445862564986E+006 +0.000000000000000E+000 +2.412445862564986E+006
    60.50411523 +2.593487066589077E+006 +0.000000000000000E+000 +2.593487066589077E+006
    60.60185185 +2.778310556520621E+006 +0.000000000000000E+000 +2.778310556520621E+006
    60.70473251 +2.987461735056619E+006 +0.000000000000000E+000 +2.987461735056619E+006
    60.80246914 +3.201134828804887E+006 +0.000000000000000E+000 +3.201134828804887E+006
    60.90020576 +3.430579702179348E+006 +0.000000000000000E+000 +3.430579702179348E+006
    61.00308642 +3.690522326171226E+006 +0.000000000000000E+000 +3.690522326171226E+006
    61.10082305 +3.956393290067693E+006 +0.000000000000000E+000 +3.956393290067693E+006
    61.20370370 +4.257832111524459E+006 +0.000000000000000E+000 +4.257832111524459E+006
    61.30144033 +4.566364086481647E+006 +0.000000000000000E+000 +4.566364086481647E+006
    61.40432099 +4.916394441816929E+006 +0.000000000000000E+000 +4.916394441816929E+006
    61.50205761 +5.274860259630724E+006 +0.000000000000000E+000 +5.274860259630724E+006
    61.60493827 +5.681729936489034E+006 +0.000000000000000E+000 +5.681729936489034E+006
    61.70267490 +6.098558653013321E+006 +0.000000000000000E+000 +6.098558653013321E+006
    61.80041152 +6.547253676753348E+006 +0.000000000000000E+000 +6.547253676753348E+006
    61.90329218 +7.056698500070320E+006 +0.000000000000000E+000 +7.056698500070320E+006
    62.00102881 +7.578697870923907E+006 +0.000000000000000E+000 +7.578697870923907E+006
    62.10390947 +8.171343204423652E+006 +0.000000000000000E+000 +8.171343204423652E+006
    62.20164609 +8.778502947306283E+006 +0.000000000000000E+000 +8.778502947306283E+006
    62.30452675 +9.467667169892641E+006 +0.000000000000000E+000 +9.467667169892641E+006
    62.40226337 +1.017348352587212E+007 +0.000000000000000E+000 +1.017348352587212E+007
    62.50000000 +1.093280123150407E+007 +0.000000000000000E+000 +1.093280123150407E+007
    62.60288066 +1.179415138584702E+007 +0.000000000000000E+000 +1.179415138584702E+007
    62.70061728 +1.267572785524700E+007 +0.000000000000000E+000 +1.267572785524700E+007
    62.80349794 +1.367528331876340E+007 +0.000000000000000E+000 +1.367528331876340E+007
    62.90123457 +1.469781358050285E+007 +0.000000000000000E+000 +1.469781358050285E+007
    63.00411523 +1.585663261298141E+007 +0.000000000000000E+000 +1.585663261298141E+007
    63.10185185 +1.704154515504145E+007 +0.000000000000000E+000 +1.704154515504145E+007
    63.20473251 +1.838381472913419E+007 +0.000000000000000E+000 +1.838381472913419E+007
    63.30246914 +1.975577379513131E+007 +0.000000000000000E+000 +1.975577379513131E+007
    63.40020576 +2.122892331170419E+007 +0.000000000000000E+000 +2.122892331170419E+007
    63.50308642 +2.289691942322428E+007 +0.000000000000000E+000 +2.289691942322428E+007
    63.60082305 +2.460114141753152E+007 +0.000000000000000E+000 +2.460114141753152E+007
    63.70370370 +2.653043190893145E+007 +0.000000000000000E+000 +2.653043190893145E+007
    63.80144033 +2.850139277081615E+007 +0.000000000000000E+000 +2.850139277081615E+007
    63.90432099 +3.073252111459901E+007 +0.000000000000000E+000 +3.073252111459901E+007
    64.00205761 +3.301183712271658E+007 +0.000000000000000E+000 +3.301183712271658E+007
    64.10493827 +3.559215994109561E+007 +0.000000000000000E+000 +3.559215994109561E+007
    64.20267490 +3.822847843090257E+007 +0.000000000000000E+000 +3.822847843090257E+007
    64.30041152 +4.105877478422186E+007 +0.000000000000000E+000 +4.105877478422186E+007
    64.40329218 +4.426361528393967E+007 +0.000000000000000E+000 +4.426361528393967E+007
    64.50102881 +4.753895918894355E+007 +0.000000000000000E+000 +4.753895918894355E+007
    64.60390947 +5.124861723445509E+007 +0.000000000000000E+000 +5.124861723445509E+007
    64.70164609 +5.504084056358506E+007 +0.000000000000000E+000 +5.504084056358506E+007
    64.80452675 +5.933704320727228E+007 +0.000000000000000E+000 +5.933704320727228E+007
    64.90226337 +6.373002775600220E+007 +0.000000000000000E+000 +6.373002775600220E+007
    65.00000000 +6.845017535350907E+007 +0.000000000000000E+000 +6.845017535350907E+007
    65.10288066 +7.379965853563683E+007 +0.000000000000000E+000 +7.379965853563683E+007
    65.20061728 +7.927163521253856E+007 +0.000000000000000E+000 +7.927163521253856E+007
    65.30349794 +8.547454107055990E+007 +0.000000000000000E+000 +8.547454107055990E+007
    65.40123457 +9.182072055173762E+007 +0.000000000000000E+000 +9.182072055173762E+007
    65.50411523 +9.901582121714178E+007 +0.000000000000000E+000 +9.901582121714178E+007
    65.60185185 +1.063781553943131E+008 +0.000000000000000E+000 +1.063781553943131E+008
    65.70473251 +1.147262788046360E+008 +0.000000000000000E+000 +1.147262788046360E+008
    65.80246914 +1.232691441835551E+008 +0.000000000000000E+000 +1.232691441835551E+008
    65.90020576 +1.324542677381108E+008 +0.000000000000000E+000 +1.324542677381108E+008
    66.00308642 +1.428698642178510E+008 +0.000000000000000E+000 +1.428698642178510E+008
    66.10082305 +1.535286325034448E+008 +0.000000000000000E+000 +1.535286325034448E+008
    66.20370370 +1.656149790779658E+008 +0.000000000000000E+000 +1.656149790779658E+008
    66.30144033 +1.779829130372958E+008 +0.000000000000000E+000 +1.779829130372958E+008
    66.40432099 +1.920063911905244E+008 +0.000000000000000E+000 +1.920063911905244E+008
    66.50205761 +2.063553770666198E+008 +0.000000000000000E+000 +2.063553770666198E+008
    66.60493827 +2.226234846341280E+008 +0.000000000000000E+000 +2.226234846341280E+008
    66.70267490 +2.392673870372236E+008 +0.000000000000000E+000 +2.392673870372236E+008
    66.80041152 +2.571573305195237E+008 +0.000000000000000E+000 +2.571573305195237E+008
    66.90329218 +2.774363927686942E+008 +0.000000000000000E+000 +2.774363927686942E+008
    67.00102881 +2.981801262659225E+008 +0.000000000000000E+000 +2.981801262659225E+008
    67.10390947 +3.216911883925056E+008 +0.000000000000000E+000 +3.216911883925056E+008
    67.20164609 +3.457380839496679E+008 +0.000000000000000E+000 +3.457380839496679E+008
    67.30452675 +3.729898189951567E+008 +0.000000000000000E+000 +3.729898189951567E+008
    67.40226337 +4.008596114532686E+008 +0.000000000000000E+000 +4.008596114532686E+008
    67.50000000 +4.308042108517796E+008 +0.000000000000000E+000 +4.308042108517796E+008
    67.60288066 +4.647348423681795E+008 +0.000000000000000E+000 +4.647348423681795E+008
    67.70061728 +4.994305994235696E+008 +0.000000000000000E+000 +4.994305994235696E+008
    67.80349794 +5.387421210478597E+008 +0.000000000000000E+000 +5.387421210478597E+008
    67.90123457 +5.789378041771131E+008 +0.000000000000000E+000 +5.789378041771131E+008
    68.00411523 +6.244788706913797E+008 +0.000000000000000E+000 +6.244788706913797E+008
    68.10185185 +6.710426390197195E+008 +0.000000000000000E+000 +6.710426390197195E+008
    68.20473251 +7.237974680963476E+008 +0.000000000000000E+000 +7.237974680963476E+008
    68.30246914 +7.777363710744591E+008 +0.000000000000000E+000 +7.777363710744591E+008
    68.40020576 +8.356806369213762E+008 +0.000000000000000E+000 +8.356806369213762E+008
