     0.00000000 +2.861790723607064E-005 +0.000000000000000E+000 +2.861790723607064E-005
     0.10288066 +2.830461427534836E-005 +0.000000000000000E+000 +2.830461427534836E-005
     0.20061728 +2.763536931128797E-005 +0.000000000000000E+000 +2.763536931128797E-005
     0.30349794 +2.678830406605602E-005 +0.000000000000000E+000 +2.678830406605602E-005
     0.40123457 +2.600933603089447E-005 +0.000000000000000E+000 +2.600933603089447E-005
     0.50411523 +2.533706053823968E-005 +0.000000000000000E+000 +2.533706053823968E-005
     0.60185185 +2.491898614735241E-005 +0.000000000000000E+000 +2.491898614735241E-005
     0.70473251 +2.476253928270361E-005 +0.000000000000000E+000 +2.476253928270361E-005
     0.80246914 +2.490352323138090E-005 +0.000000000000000E+000 +2.490352323138090E-005
     0.90020576 +2.532889649441914E-005 +0.000000000000000E+000 +2.532889649441914E-005
     1.00308642 +2.607713858347253E-005 +0.000000000000000E+000 +2.607713858347253E-005
     1.10082305 +2.706459618193078E-005 +0.000000000000000E+000 +2.706459618193078E-005
     1.20370370 +2.838649611648473E-005 +0.000000000000000E+000 +2.838649611648473E-005
     1.30144033 +2.990438565705342E-005 +0.000000000000000E+000 +2.990438565705342E-005
     1.40432099 +3.177353231553362E-005 +0.000000000000000E+000 +3.177353231553362E-005
     1.50205761 +3.380456208035997E-005 +0.000000000000000E+000 +3.380456208035997E-005
     1.60493827 +3.621000415503514E-005 +0.000000000000000E+000 +3.621000415503514E-005
     1.70267490 +3.874895567602952E-005 +0.000000000000000E+000 +3.874895567602952E-005
     1.80041152 +4.153532381360998E-005 +0.000000000000000E+000 +4.153532381360998E-005
     1.90329218 +4.473625219796339E-005 +0.000000000000000E+000 +4.473625219796339E-005
     2.00102881 +4.803284052815087E-005 +0.000000000000000E+000 +4.803284052815087E-005
     2.10390947 +5.177438179255162E-005 +0.000000000000000E+000 +5.177438179255162E-005
     2.20164609 +5.559008860957965E-005 +0.000000000000000E+000 +5.559008860957965E-005
     2.30452675 +5.988660159227281E-005 +0.000000000000000E+000 +5.988660159227281E-005
     2.40226337 +6.423990453410126E-005 +0.000000000000000E+000 +6.423990453410126E-005
     2.50000000 +6.886361771908554E-005 +0.000000000000000E+000 +6.886361771908554E-005
     2.60288066 +7.402834317453377E-005 +0.000000000000000E+000 +7.402834317453377E-005
     2.70061728 +7.922130541220305E-005 +0.000000000000000E+000 +7.922130541220305E-005
     2.80349794 +8.499066155374113E-005 +0.000000000000000E+000 +8.499066155374113E-005
     2.90123457 +9.075820891447176E-005 +0.000000000000000E+000 +9.075820891447176E-005
     3.00411523 +9.712664851913610E-005 +0.000000000000000E+000 +9.712664851913610E-005
     3.10185185 +1.034521360918689E-004 +0.000000000000000E+000 +1.034521360918689E-004
     3.20473251 +1.103897561369764E-004 +0.000000000000000E+000 +1.103897561369764E-004
     3.30246914 +1.172323012488276E-004 +0.000000000000000E+000 +1.172323012488276E-004
     3.40020576 +1.243033769168043E-004 +0.000000000000000E+000 +1.243033769168043E-004
     3.50308642 +1.319706837782946E-004 +0.000000000000000E+000 +1.319706837782946E-004
     3.60082305 +1.394408231492962E-004 +0.000000000000000E+000 +1.394408231492962E-004
     3.70370370 +1.474655111111996E-004 +0.000000000000000E+000 +1.474655111111996E-004
     3.80144033 +1.552039597962149E-004 +0.000000000000000E+000 +1.552039597962149E-004
     3.90432099 +1.634234557800227E-004 +0.000000000000000E+000 +1.634234557800227E-004
     4.00205761 +1.712527201193884E-004 +0.000000000000000E+000 +1.712527201193884E-004
     4.10493827 +1.794586961171441E-004 +0.000000000000000E+000 +1.794586961171441E-004
     4.20267490 +1.871646021531474E-004 +0.000000000000000E+000 +1.871646021531474E-004
     4.30041152 +1.947269912730366E-004 +0.000000000000000E+000 +1.947269912730366E-004
     4.40329218 +2.024718314581799E-004 +0.000000000000000E+000 +2.024718314581799E-004
     4.50102881 +2.095683598125026E-004 +0.000000000000000E+000 +2.095683598125026E-004
     4.60390947 +2.167058683902340E-004 +0.000000000000000E+000 +2.167058683902340E-004
     4.70164609 +2.231202183134543E-004 +0.000000000000000E+000 +2.231202183134543E-004
     4.80452675 +2.294373822157605E-004 +0.000000000000000E+000 +2.294373822157605E-004
     4.90226337 +2.349847839310662E-004 +0.000000000000000E+000 +2.349847839310662E-004
     5.00000000 +2.400556702300723E-004 +0.000000000000000E+000 +2.400556702300723E-004
     5.10288066 +2.448484596769502E-004 +0.000000000000000E+000 +2.448484596769502E-004
     5.20061728 +2.488622351741761E-004 +0.000000000000000E+000 +2.488622351741761E-004
     5.30349794 +2.525047632919667E-004 +0.000000000000000E+000 +2.525047632919667E-004
     5.40123457 +2.554068310184862E-004 +0.000000000000000E+000 +2.554068310184862E-004
     5.50411523 +2.578790688259688E-004 +0.000000000000000E+000 +2.578790688259688E-004
     5.60185185 +2.596894124108127E-004 +0.000000000000000E+000 +2.596894124108127E-004
     5.70473251 +2.610555587720896E-004 +0.000000000000000E+000 +2.610555587720896E-004
     5.80246914 +2.618754076788154E-004 +0.000000000000000E+000 +2.618754076788154E-004
     5.90020576 +2.622704050153599E-004 +0.000000000000000E+000 +2.622704050153599E-004
     6.00308642 +2.622774876490841E-004 +0.000000000000000E+000 +2.622774876490841E-004
     6.10082305 +2.619482684214566E-004 +0.000000000000000E+000 +2.619482684214566E-004
     6.20370370 +2.613085728126680E-004 +0.000000000000000E+000 +2.613085728126680E-004
     6.30144033 +2.604826662321472E-004 +0.000000000000000E+000 +2.604826662321472E-004
     6.40432099 +2.594509536135560E-004 +0.000000000000000E+000 +2.594509536135560E-004
     6.50205761 +2.583794563047547E-004 +0.000000000000000E+000 +2.583794563047547E-004
     6.60493827 +2.572184955616369E-004 +0.000000000000000E+000 +2.572184955616369E-004
     6.70267490 +2.561350657804504E-004 +0.000000000000000E+000 +2.561350657804504E-004
     6.80041152 +2.551091728999641E-004 +0.000000000000000E+000 +2.551091728999641E-004
     6.90329218 +2.541188169294518E-004 +0.000000000000000E+000 +2.541188169294518E-004
     7.00102881 +2.532752494747832E-004 +0.000000000000000E+000 +2.532752494747832E-004
     7.10390947 +2.524893822210184E-004 +0.000000000000000E+000 +2.524893822210184E-004
     7.20164609 +2.518300850782315E-004 +0.000000000000000E+000 +2.518300850782315E-004
     7.30452675 +2.512112924639060E-004 +0.000000000000000E+000 +2.512112924639060E-004
     7.40226337 +2.506761860975729E-004 +0.000000000000000E+000 +2.506761860975729E-004
     7.50000000 +2.501722607873098E-004 +0.000000000000000E+000 +2.501722607873098E-004
     7.60288066 +2.496510371574281E-004 +0.000000000000000E+000 +2.496510371574281E-004
     7.70061728 +2.491379088404170E-004 +0.000000000000000E+000 +2.491379088404170E-004
     7.80349794 +2.485455845163957E-004 +0.000000000000000E+000 +2.485455845163957E-004
     7.90123457 +2.478979699491928E-004 +0.000000000000000E+000 +2.478979699491928E-004
     8.00411523 +2.470863208825140E-004 +0.000000000000000E+000 +2.470863208825140E-004
     8.10185185 +2.461549276810242E-004 +0.000000000000000E+000 +2.461549276810242E-004
     8.20473251 +2.449728033140436E-004 +0.000000000000000E+000 +2.449728033140436E-004
     8.30246914 +2.436386573631896E-004 +0.000000000000000E+000 +2.436386573631896E-004
     8.40020576 +2.420941777013495E-004 +0.000000000000000E+000 +2.420941777013495E-004
     8.50308642 +2.402530389317668E-004 +0.000000000000000E+000 +2.402530389317668E-004
     8.60082305 +2.383245006730520E-004 +0.000000000000000E+000 +2.383245006730520E-004
     8.70370370 +2.361425974621121E-004 +0.000000000000000E+000 +2.361425974621121E-004
     8.80144033 +2.339634366611410E-004 +0.000000000000000E+000 +2.339634366611410E-004
     8.90432099 +2.315955390559389E-004 +0.000000000000000E+000 +2.315955390559389E-004
     9.00205761 +2.293049777394999E-004 +0.000000000000000E+000 +2.293049777394999E-004
     9.10493827 +2.268748463903949E-004 +0.000000000000000E+000 +2.268748463903949E-004
     9.20267490 +2.245660454557532E-004 +0.000000000000000E+000 +2.245660454557532E-004
     9.30041152 +2.222727751573941E-004 +0.000000000000000E+000 +2.222727751573941E-004
     9.40329218 +2.198929198993258E-004 +0.000000000000000E+000 +2.198929198993258E-004
     9.50102881 +2.176816025835394E-004 +0.000000000000000E+000 +2.176816025835394E-004
     9.60390947 +2.154237137889333E-004 +0.000000000000000E+000 +2.154237137889333E-004
     9.70164609 +2.133590350226382E-004 +0.000000000000000E+000 +2.133590350226382E-004
     9.80452675 +2.112809909675495E-004 +0.000000000000000E+000 +2.112809909675495E-004
     9.90226337 +2.094026430104633E-004 +0.000000000000000E+000 +2.094026430104633E-004
    10.00000000 +2.076177882502964E-004 +0.000000000000000E+000 +2.076177882502964E-004
    10.10288066 +2.058352612791098E-004 +0.000000000000000E+000 +2.058352612791098E-004
    10.20061728 +2.042260398370147E-004 +0.000000000000000E+000 +2.042260398370147E-004
    10.30349794 +2.026132118091328E-004 +0.000000000000000E+000 +2.026132118091328E-004
    10.40123457 +2.011545598488196E-004 +0.000000000000000E+000 +2.011545598488196E-004
    10.50411523 +1.996985589221453E-004 +0.000000000000000E+000 +1.996985589221453E-004
    10.60185185 +1.983970642539621E-004 +0.000000000000000E+000 +1.983970642539621E-004
    10.70473251 +1.971201166049839E-004 +0.000000000000000E+000 +1.971201166049839E-004
    10.80246914 +1.959967981841454E-004 +0.000000000000000E+000 +1.959967981841454E-004
    10.90020576 +1.949532421944734E-004 +0.000000000000000E+000 +1.949532421944734E-004
    11.00308642 +1.939222480381202E-004 +0.000000000000000E+000 +1.939222480381202E-004
    11.10082305 +1.929838094695044E-004 +0.000000000000000E+000 +1.929838094695044E-004
    11.20370370 +1.920170960068867E-004 +0.000000000000000E+000 +1.920170960068867E-004
    11.30144033 +1.911083766230592E-004 +0.000000000000000E+000 +1.911083766230592E-004
    11.40432099 +1.901653024295239E-004 +0.000000000000000E+000 +1.901653024295239E-004
    11.50205761 +1.892956911361298E-004 +0.000000000000000E+000 +1.892956911361298E-004
    11.60493827 +1.884247726368506E-004 +0.000000000000000E+000 +1.884247726368506E-004
    11.70267490 +1.876478502595606E-004 +0.000000000000000E+000 +1.876478502595606E-004
    11.80041152 +1.869146599915617E-004 +0.000000000000000E+000 +1.869146599915617E-004
    11.90329218 +1.861692655747378E-004 +0.000000000000000E+000 +1.861692655747378E-004
    12.00102881 +1.854588623617882E-004 +0.000000000000000E+000 +1.854588623617882E-004
    12.10390947 +1.846830121518363E-004 +0.000000000000000E+000 +1.846830121518363E-004
    12.20164609 +1.839087230105798E-004 +0.000000000000000E+000 +1.839087230105798E-004
    12.30452675 +1.830618236551819E-004 +0.000000000000000E+000 +1.830618236551819E-004
    12.40226337 +1.822466539930117E-004 +0.000000000000000E+000 +1.822466539930117E-004
    12.50000000 +1.814420874639739E-004 +0.000000000000000E+000 +1.814420874639739E-004
    12.60288066 +1.806987042778913E-004 +0.000000000000000E+000 +1.806987042778913E-004
    12.70061728 +1.799203102063054E-004 +0.000000000000000E+000 +1.799203102063054E-004
    12.80349794 +1.790960408399396E-004 +0.000000000000000E+000 +1.790960408399396E-004
    12.90123457 +1.782828169353615E-004 +0.000000000000000E+000 +1.782828169353615E-004
    13.00411523 +1.773822581735545E-004 +0.000000000000000E+000 +1.773822581735545E-004
    13.10185185 +1.764901290586102E-004 +0.000000000000000E+000 +1.764901290586102E-004
    13.20473251 +1.755331429494957E-004 +0.000000000000000E+000 +1.755331429494957E-004
    13.30246914 +1.746313716156127E-004 +0.000000000000000E+000 +1.746313716156127E-004
    13.40020576 +1.737565239784400E-004 +0.000000000000000E+000 +1.737565239784400E-004
    13.50308642 +1.728750415654949E-004 +0.000000000000000E+000 +1.728750415654949E-004
    13.60082305 +1.720734297123545E-004 +0.000000000000000E+000 +1.720734297123545E-004
    13.70370370 +1.712571148051303E-004 +0.000000000000000E+000 +1.712571148051303E-004
    13.80144033 +1.704963344740908E-004 +0.000000000000000E+000 +1.704963344740908E-004
    13.90432099 +1.697026122832121E-004 +0.000000000000000E+000 +1.697026122832121E-004
    14.00205761 +1.689544092815607E-004 +0.000000000000000E+000 +1.689544092815607E-004
    14.10493827 +1.681800429108736E-004 +0.000000000000000E+000 +1.681800429108736E-004
    14.20267490 +1.674684948878520E-004 +0.000000000000000E+000 +1.674684948878520E-004
    14.30041152 +1.667926222001287E-004 +0.000000000000000E+000 +1.667926222001287E-004
    14.40329218 +1.661302304037739E-004 +0.000000000000000E+000 +1.661302304037739E-004
    14.50102881 +1.655527984564966E-004 +0.000000000000000E+000 +1.655527984564966E-004
    14.60390947 +1.649998748730084E-004 +0.000000000000000E+000 +1.649998748730084E-004
    14.70164609 +1.645237968475943E-004 +0.000000000000000E+000 +1.645237968475943E-004
    14.80452675 +1.640704692296508E-004 +0.000000000000000E+000 +1.640704692296508E-004
    14.90226337 +1.636834484046204E-004 +0.000000000000000E+000 +1.636834484046204E-004
    15.00000000 +1.633404710525779E-004 +0.000000000000000E+000 +1.633404710525779E-004
    15.10288066 +1.630313982620386E-004 +0.000000000000000E+000 +1.630313982620386E-004
    15.20061728 +1.627922749223894E-004 +0.000000000000000E+000 +1.627922749223894E-004
    15.30349794 +1.626029257261900E-004 +0.000000000000000E+000 +1.626029257261900E-004
    15.40123457 +1.624855827214647E-004 +0.000000000000000E+000 +1.624855827214647E-004
    15.50411523 +1.624301632194763E-004 +0.000000000000000E+000 +1.624301632194763E-004
    15.60185185 +1.624439071871249E-004 +0.000000000000000E+000 +1.624439071871249E-004
    15.70473251 +1.625303401657706E-004 +0.000000000000000E+000 +1.625303401657706E-004
    15.80246914 +1.626831178421712E-004 +0.000000000000000E+000 +1.626831178421712E-004
    15.90020576 +1.629070273849577E-004 +0.000000000000000E+000 +1.629070273849577E-004
    16.00308642 +1.632219820613151E-004 +0.000000000000000E+000 +1.632219820613151E-004
    16.10082305 +1.635989128724564E-004 +0.000000000000000E+000 +1.635989128724564E-004
    16.20370370 +1.640801258365272E-004 +0.000000000000000E+000 +1.640801258365272E-004
    16.30144033 +1.646197045072961E-004 +0.000000000000000E+000 +1.646197045072961E-004
    16.40432099 +1.652767568567427E-004 +0.000000000000000E+000 +1.652767568567427E-004
    16.50205761 +1.659881748940719E-004 +0.000000000000000E+000 +1.659881748940719E-004
    16.60493827 +1.668322352238708E-004 +0.000000000000000E+000 +1.668322352238708E-004
    16.70267490 +1.677279381881915E-004 +0.000000000000000E+000 +1.677279381881915E-004
    16.80041152 +1.687181948872484E-004 +0.000000000000000E+000 +1.687181948872484E-004
    16.90329218 +1.698658980574010E-004 +0.000000000000000E+000 +1.698658980574010E-004
    17.00102881 +1.710597842359662E-004 +0.000000000000000E+000 +1.710597842359662E-004
    17.10390947 +1.724304718594851E-004 +0.000000000000000E+000 +1.724304718594851E-004
    17.20164609 +1.738468348255206E-004 +0.000000000000000E+000 +1.738468348255206E-004
    17.30452675 +1.754658007620720E-004 +0.000000000000000E+000 +1.754658007620720E-004
    17.40226337 +1.771338759299704E-004 +0.000000000000000E+000 +1.771338759299704E-004
    17.50000000 +1.789376443271352E-004 +0.000000000000000E+000 +1.789376443271352E-004
    17.60288066 +1.809940521761079E-004 +0.000000000000000E+000 +1.809940521761079E-004
    17.70061728 +1.831102225144933E-004 +0.000000000000000E+000 +1.831102225144933E-004
    17.80349794 +1.855254187015277E-004 +0.000000000000000E+000 +1.855254187015277E-004
    17.90123457 +1.880158903022976E-004 +0.000000000000000E+000 +1.880158903022976E-004
    18.00411523 +1.908646898698463E-004 +0.000000000000000E+000 +1.908646898698463E-004
    18.10185185 +1.938082074965638E-004 +0.000000000000000E+000 +1.938082074965638E-004
    18.20473251 +1.971813103236170E-004 +0.000000000000000E+000 +1.971813103236170E-004
    18.30246914 +2.006722780463760E-004 +0.000000000000000E+000 +2.006722780463760E-004
    18.40020576 +2.044699773214083E-004 +0.000000000000000E+000 +2.044699773214083E-004
    18.50308642 +2.088323273266143E-004 +0.000000000000000E+000 +2.088323273266143E-004
    18.60082305 +2.133589205038898E-004 +0.000000000000000E+000 +2.133589205038898E-004
    18.70370370 +2.185700422762978E-004 +0.000000000000000E+000 +2.185700422762978E-004
    18.80144033 +2.239909486512036E-004 +0.000000000000000E+000 +2.239909486512036E-004
    18.90432099 +2.302470238642450E-004 +0.000000000000000E+000 +2.302470238642450E-004
    19.00205761 +2.367674302115295E-004 +0.000000000000000E+000 +2.367674302115295E-004
    19.10493827 +2.443002991471732E-004 +0.000000000000000E+000 +2.443002991471732E-004
    19.20267490 +2.521529440667226E-004 +0.000000000000000E+000 +2.521529440667226E-004
    19.30041152 +2.607462810285086E-004 +0.000000000000000E+000 +2.607462810285086E-004
    19.40329218 +2.706638455207600E-004 +0.000000000000000E+000 +2.706638455207600E-004
    19.50102881 +2.809883817541067E-004 +0.000000000000000E+000 +2.809883817541067E-004
    19.60390947 +2.928946957655218E-004 +0.000000000000000E+000 +2.928946957655218E-004
    19.70164609 +3.052820366874088E-004 +0.000000000000000E+000 +3.052820366874088E-004
    19.80452675 +3.195578769677649E-004 +0.000000000000000E+000 +3.195578769677649E-004
    19.90226337 +3.343970578373664E-004 +0.000000000000000E+000 +3.343970578373664E-004
    20.00000000 +3.505853780640256E-004 +0.000000000000000E+000 +3.505853780640256E-004
    20.10288066 +3.692022638960582E-004 +0.000000000000000E+000 +3.692022638960582E-004
    20.20061728 +3.885058566495052E-004 +0.000000000000000E+000 +3.885058566495052E-004
    20.30349794 +4.106652407552826E-004 +0.000000000000000E+000 +4.106652407552826E-004
    20.40123457 +4.336019532739313E-004 +0.000000000000000E+000 +4.336019532739313E-004
    20.50411523 +4.598890387967121E-004 +0.000000000000000E+000 +4.598890387967121E-004
    20.60185185 +4.870574175718706E-004 +0.000000000000000E+000 +4.870574175718706E-004
    20.70473251 +5.181501991125057E-004 +0.000000000000000E+000 +5.181501991125057E-004
    20.80246914 +5.502410754357472E-004 +0.000000000000000E+000 +5.502410754357472E-004
    20.90020576 +5.850096342509715E-004 +0.000000000000000E+000 +5.850096342509715E-004
    21.00308642 +6.247207299053641E-004 +0.000000000000000E+000 +6.247207299053641E-004
    21.10082305 +6.656259743675418E-004 +0.000000000000000E+000 +6.656259743675418E-004
    21.20370370 +7.122855939194605E-004 +0.000000000000000E+000 +7.122855939194605E-004
    21.30144033 +7.602870431785704E-004 +0.000000000000000E+000 +7.602870431785704E-004
    21.40432099 +8.149727078328022E-004 +0.000000000000000E+000 +8.149727078328022E-004
    21.50205761 +8.711633510087907E-004 +0.000000000000000E+000 +8.711633510087907E-004
    21.60493827 +9.351058282272921E-004 +0.000000000000000E+000 +9.351058282272921E-004
    21.70267490 +1.000737575478933E-003 +0.000000000000000E+000 +1.000737575478933E-003
    21.80041152 +1.071473526428922E-003 +0.000000000000000E+000 +1.071473526428922E-003
    21.90329218 +1.151836932175081E-003 +0.000000000000000E+000 +1.151836932175081E-003
    22.00102881 +1.234178551386559E-003 +0.000000000000000E+000 +1.234178551386559E-003
    22.10390947 +1.327597366310893E-003 +0.000000000000000E+000 +1.327597366310893E-003
    22.20164609 +1.423171665659747E-003 +0.000000000000000E+000 +1.423171665659747E-003
    22.30452675 +1.531433609277522E-003 +0.000000000000000E+000 +1.531433609277522E-003
    22.40226337 +1.642020928201358E-003 +0.000000000000000E+000 +1.642020928201358E-003
    22.50000000 +1.760624392372922E-003 +0.000000000000000E+000 +1.760624392372922E-003
    22.60288066 +1.894669825668767E-003 +0.000000000000000E+000 +1.894669825668767E-003
    22.70061728 +2.031285047279426E-003 +0.000000000000000E+000 +2.031285047279426E-003
    22.80349794 +2.185436098887450E-003 +0.000000000000000E+000 +2.185436098887450E-003
    22.90123457 +2.342264270238275E-003 +0.000000000000000E+000 +2.342264270238275E-003
    23.00411523 +2.518882946687217E-003 +0.000000000000000E+000 +2.518882946687217E-003
    23.10185185 +2.698209271133562E-003 +0.000000000000000E+000 +2.698209271133562E-003
    23.20473251 +2.899764690186187E-003 +0.000000000000000E+000 +2.899764690186187E-003
    23.30246914 +3.104029066208916E-003 +0.000000000000000E+000 +3.104029066208916E-003
    23.40020576 +3.321408611886204E-003 +0.000000000000000E+000 +3.321408611886204E-003
    23.50308642 +3.565146060101854E-003 +0.000000000000000E+000 +3.565146060101854E-003
    23.60082305 +3.811607223647168E-003 +0.000000000000000E+000 +3.811607223647168E-003
    23.70370370 +4.087548308508731E-003 +0.000000000000000E+000 +4.087548308508731E-003
    23.80144033 +4.366149956802175E-003 +0.000000000000000E+000 +4.366149956802175E-003
    23.90432099 +4.677592612965075E-003 +0.000000000000000E+000 +4.677592612965075E-003
    24.00205761 +4.991571060657943E-003 +0.000000000000000E+000 +4.991571060657943E-003
    24.10493827 +5.342106754135083E-003 +0.000000000000000E+000 +5.342106754135083E-003
    24.20267490 +5.695146685105781E-003 +0.000000000000000E+000 +5.695146685105781E-003
    24.30041152 +6.068785904571360E-003 +0.000000000000000E+000 +6.068785904571360E-003
    24.40329218 +6.485634363743939E-003 +0.000000000000000E+000 +6.485634363743939E-003
    24.50102881 +6.905337669163857E-003 +0.000000000000000E+000 +6.905337669163857E-003
    24.60390947 +7.373600767859541E-003 +0.000000000000000E+000 +7.373600767859541E-003
    24.70164609 +7.845116766395465E-003 +0.000000000000000E+000 +7.845116766395465E-003
    24.80452675 +8.371277000306447E-003 +0.000000000000000E+000 +8.371277000306447E-003
    24.90226337 +8.901286256889593E-003 +0.000000000000000E+000 +8.901286256889593E-003
    25.00000000 +9.462690626647924E-003 +0.000000000000000E+000 +9.462690626647924E-003
    25.10288066 +1.009004821597336E-002 +0.000000000000000E+000 +1.009004821597336E-002
    25.20061728 +1.072330395307275E-002 +0.000000000000000E+000 +1.072330395307275E-002
    25.30349794 +1.143231742495924E-002 +0.000000000000000E+000 +1.143231742495924E-002
    25.40123457 +1.214945878652962E-002 +0.000000000000000E+000 +1.214945878652962E-002
    25.50411523 +1.295400889596591E-002 +0.000000000000000E+000 +1.295400889596591E-002
    25.60185185 +1.376935312702238E-002 +0.000000000000000E+000 +1.376935312702238E-002
    25.70473251 +1.468582453232780E-002 +0.000000000000000E+000 +1.468582453232780E-002
    25.80246914 +1.561643346688816E-002 +0.000000000000000E+000 +1.561643346688816E-002
    25.90020576 +1.661047711947562E-002 +0.000000000000000E+000 +1.661047711947562E-002
    26.00308642 +1.773128169920523E-002 +0.000000000000000E+000 +1.773128169920523E-002
    26.10082305 +1.887279261771538E-002 +0.000000000000000E+000 +1.887279261771538E-002
    26.20370370 +2.016200908884315E-002 +0.000000000000000E+000 +2.016200908884315E-002
    26.30144033 +2.147674396140348E-002 +0.000000000000000E+000 +2.147674396140348E-002
    26.40432099 +2.296297890590746E-002 +0.000000000000000E+000 +2.296297890590746E-002
    26.50205761 +2.447951808448694E-002 +0.000000000000000E+000 +2.447951808448694E-002
    26.60493827 +2.619425812116650E-002 +0.000000000000000E+000 +2.619425812116650E-002
    26.70267490 +2.794364327279191E-002 +0.000000000000000E+000 +2.794364327279191E-002
    26.80041152 +2.981815812686821E-002 +0.000000000000000E+000 +2.981815812686821E-002
    26.90329218 +3.193505786526178E-002 +0.000000000000000E+000 +3.193505786526178E-002
    27.00102881 +3.409081807175898E-002 +0.000000000000000E+000 +3.409081807175898E-002
    27.10390947 +3.652109524756265E-002 +0.000000000000000E+000 +3.652109524756265E-002
    27.20164609 +3.899088000782912E-002 +0.000000000000000E+000 +3.899088000782912E-002
    27.30452675 +4.176836673234288E-002 +0.000000000000000E+000 +4.176836673234288E-002
    27.40226337 +4.458292504739214E-002 +0.000000000000000E+000 +4.458292504739214E-002
    27.50000000 +4.757519505819119E-002 +0.000000000000000E+000 +4.757519505819119E-002
    27.60288066 +5.092299101280021E-002 +0.000000000000000E+000 +5.092299101280021E-002
    27.70061728 +5.429663323838098E-002 +0.000000000000000E+000 +5.429663323838098E-002
    27.80349794 +5.805595092488459E-002 +0.000000000000000E+000 +5.805595092488459E-002
    27.90123457 +6.182848920347520E-002 +0.000000000000000E+000 +6.182848920347520E-002
    28.00411523 +6.601370064996147E-002 +0.000000000000000E+000 +6.601370064996147E-002
    28.10185185 +7.019357197309976E-002 +0.000000000000000E+000 +7.019357197309976E-002
    28.20473251 +7.480651337265155E-002 +0.000000000000000E+000 +7.480651337265155E-002
    28.30246914 +7.938760890512446E-002 +0.000000000000000E+000 +7.938760890512446E-002
    28.40020576 +8.415671726000884E-002 +0.000000000000000E+000 +8.415671726000884E-002
    28.50308642 +8.937131941005158E-002 +0.000000000000000E+000 +8.937131941005158E-002
    28.60082305 +9.449925032436832E-002 +0.000000000000000E+000 +9.449925032436832E-002
    28.70370370 +1.000657990696886E-001 +0.000000000000000E+000 +1.000657990696886E-001
    28.80144033 +1.054975591354736E-001 +0.000000000000000E+000 +1.054975591354736E-001
    28.90432099 +1.113444495325312E-001 +0.000000000000000E+000 +1.113444495325312E-001
    29.00205761 +1.169973963074206E-001 +0.000000000000000E+000 +1.169973963074206E-001
    29.10493827 +1.230210124602942E-001 +0.000000000000000E+000 +1.230210124602942E-001
    29.20267490 +1.287808193699659E-001 +0.000000000000000E+000 +1.287808193699659E-001
    29.30041152 +1.345428072510689E-001 +0.000000000000000E+000 +1.345428072510689E-001
    29.40329218 +1.405708946903551E-001 +0.000000000000000E+000 +1.405708946903551E-001
    29.50102881 +1.462227199928386E-001 +0.000000000000000E+000 +1.462227199928386E-001
    29.60390947 +1.520487910186972E-001 +0.000000000000000E+000 +1.520487910186972E-001
    29.70164609 +1.574232755904983E-001 +0.000000000000000E+000 +1.574232755904983E-001
    29.80452675 +1.628645364205790E-001 +0.000000000000000E+000 +1.628645364205790E-001
    29.90226337 +1.677845593083211E-001 +0.000000000000000E+000 +1.677845593083211E-001
    30.00000000 +1.724209981316590E-001 +0.000000000000000E+000 +1.724209981316590E-001
    30.10288066 +1.769547018317005E-001 +0.000000000000000E+000 +1.769547018317005E-001
    30.20061728 +1.808982682211298E-001 +0.000000000000000E+000 +1.808982682211298E-001
    30.30349794 +1.846356522445929E-001 +0.000000000000000E+000 +1.846356522445929E-001
    30.40123457 +1.877696324006345E-001 +0.000000000000000E+000 +1.877696324006345E-001
    30.50411523 +1.906121800931328E-001 +0.000000000000000E+000 +1.906121800931328E-001
    30.60185185 +1.928703492325480E-001 +0.000000000000000E+000 +1.928703492325480E-001
    30.70473251 +1.947820239586212E-001 +0.000000000000000E+000 +1.947820239586212E-001
    30.80246914 +1.961648973601969E-001 +0.000000000000000E+000 +1.961648973601969E-001
    30.90020576 +1.971416632224914E-001 +0.000000000000000E+000 +1.971416632224914E-001
    31.00308642 +1.977551550413008E-001 +0.000000000000000E+000 +1.977551550413008E-001
    31.10082305 +1.979724949439066E-001 +0.000000000000000E+000 +1.979724949439066E-001
    31.20370370 +1.978531654008028E-001 +0.000000000000000E+000 +1.978531654008028E-001
    31.30144033 +1.974493782882134E-001 +0.000000000000000E+000 +1.974493782882134E-001
    31.40432099 +1.967683193936175E-001 +0.000000000000000E+000 +1.967683193936175E-001
    31.50205761 +1.959296881902062E-001 +0.000000000000000E+000 +1.959296881902062E-001
    31.60493827 +1.949036929452004E-001 +0.000000000000000E+000 +1.949036929452004E-001
    31.70267490 +1.938473894379922E-001 +0.000000000000000E+000 +1.938473894379922E-001
    31.80041152 +1.927608781860697E-001 +0.000000000000000E+000 +1.927608781860697E-001
    31.90329218 +1.916299282497382E-001 +0.000000000000000E+000 +1.916299282497382E-001
    32.00102881 +1.906006667595153E-001 +0.000000000000000E+000 +1.906006667595153E-001
    32.10390947 +1.895878710310610E-001 +0.000000000000000E+000 +1.895878710310610E-001
    32.20164609 +1.887034876807072E-001 +0.000000000000000E+000 +1.887034876807072E-001
    32.30452675 +1.878563534646664E-001 +0.000000000000000E+000 +1.878563534646664E-001
    32.40226337 +1.871269398902619E-001 +0.000000000000000E+000 +1.871269398902619E-001
    32.50000000 +1.864634676786642E-001 +0.000000000000000E+000 +1.864634676786642E-001
    32.60288066 +1.858259325656421E-001 +0.000000000000000E+000 +1.858259325656421E-001
    32.70061728 +1.852657507106782E-001 +0.000000000000000E+000 +1.852657507106782E-001
    32.80349794 +1.847064219584497E-001 +0.000000000000000E+000 +1.847064219584497E-001
    32.90123457 +1.841818862684678E-001 +0.000000000000000E+000 +1.841818862684678E-001
    33.00411523 +1.836069498506221E-001 +0.000000000000000E+000 +1.836069498506221E-001
    33.10185185 +1.830066886068676E-001 +0.000000000000000E+000 +1.830066886068676E-001
    33.20473251 +1.822822359634957E-001 +0.000000000000000E+000 +1.822822359634957E-001
    33.30246914 +1.814763552822696E-001 +0.000000000000000E+000 +1.814763552822696E-001
    33.40020576 +1.805346442585917E-001 +0.000000000000000E+000 +1.805346442585917E-001
    33.50308642 +1.793854301466446E-001 +0.000000000000000E+000 +1.793854301466446E-001
    33.60082305 +1.781450538778499E-001 +0.000000000000000E+000 +1.781450538778499E-001
    33.70370370 +1.766963699208378E-001 +0.000000000000000E+000 +1.766963699208378E-001
    33.80144033 +1.752048880002965E-001 +0.000000000000000E+000 +1.752048880002965E-001
    33.90432099 +1.735398572707361E-001 +0.000000000000000E+000 +1.735398572707361E-001
    34.00205761 +1.718919520800714E-001 +0.000000000000000E+000 +1.718919520800714E-001
    34.10493827 +1.701100776410380E-001 +0.000000000000000E+000 +1.701100776410380E-001
    34.20267490 +1.683892593965686E-001 +0.000000000000000E+000 +1.683892593965686E-001
    34.30041152 +1.666547814562811E-001 +0.000000000000000E+000 +1.666547814562811E-001
    34.40329218 +1.648281924793866E-001 +0.000000000000000E+000 +1.648281924793866E-001
    34.50102881 +1.631061549708034E-001 +0.000000000000000E+000 +1.631061549708034E-001
    34.60390947 +1.613233342020105E-001 +0.000000000000000E+000 +1.613233342020105E-001
    34.70164609 +1.596724533603402E-001 +0.000000000000000E+000 +1.596724533603402E-001
    34.80452675 +1.579927082213928E-001 +0.000000000000000E+000 +1.579927082213928E-001
    34.90226337 +1.564604688000952E-001 +0.000000000000000E+000 +1.564604688000952E-001
    35.00000000 +1.549942578440001E-001 +0.000000000000000E+000 +1.549942578440001E-001
    35.10288066 +1.535225326310891E-001 +0.000000000000000E+000 +1.535225326310891E-001
    35.20061728 +1.521897050949079E-001 +0.000000000000000E+000 +1.521897050949079E-001
    35.30349794 +1.508507540916043E-001 +0.000000000000000E+000 +1.508507540916043E-001
    35.40123457 +1.496355243540826E-001 +0.000000000000000E+000 +1.496355243540826E-001
    35.50411523 +1.484143888551986E-001 +0.000000000000000E+000 +1.484143888551986E-001
    35.60185185 +1.473115506983514E-001 +0.000000000000000E+000 +1.473115506983514E-001
    35.70473251 +1.462165500777794E-001 +0.000000000000000E+000 +1.462165500777794E-001
    35.80246914 +1.452448091296762E-001 +0.000000000000000E+000 +1.452448091296762E-001
    35.90020576 +1.443426145877064E-001 +0.000000000000000E+000 +1.443426145877064E-001
    36.00308642 +1.434642871905477E-001 +0.000000000000000E+000 +1.434642871905477E-001
    36.10082305 +1.426866299219762E-001 +0.000000000000000E+000 +1.426866299219762E-001
    36.20370370 +1.419103420447659E-001 +0.000000000000000E+000 +1.419103420447659E-001
    36.30144033 +1.411966923760216E-001 +0.000000000000000E+000 +1.411966923760216E-001
    36.40432099 +1.404593000773718E-001 +0.000000000000000E+000 +1.404593000773718E-001
    36.50205761 +1.397706958982024E-001 +0.000000000000000E+000 +1.397706958982024E-001
    36.60493827 +1.390661337261672E-001 +0.000000000000000E+000 +1.390661337261672E-001
    36.70267490 +1.384267659877684E-001 +0.000000000000000E+000 +1.384267659877684E-001
    36.80041152 +1.378237758410283E-001 +0.000000000000000E+000 +1.378237758410283E-001
    36.90329218 +1.372267454208867E-001 +0.000000000000000E+000 +1.372267454208867E-001
    37.00102881 +1.366834822086156E-001 +0.000000000000000E+000 +1.366834822086156E-001
    37.10390947 +1.361164115123864E-001 +0.000000000000000E+000 +1.361164115123864E-001
    37.20164609 +1.355633313695684E-001 +0.000000000000000E+000 +1.355633313695684E-001
    37.30452675 +1.349543213802609E-001 +0.000000000000000E+000 +1.349543213802609E-001
    37.40226337 +1.343517125596297E-001 +0.000000000000000E+000 +1.343517125596297E-001
    37.50000000 +1.337375108073493E-001 +0.000000000000000E+000 +1.337375108073493E-001
    37.60288066 +1.330953712548261E-001 +0.000000000000000E+000 +1.330953712548261E-001
    37.70061728 +1.325010680542497E-001 +0.000000000000000E+000 +1.325010680542497E-001
    37.80349794 +1.319465928477871E-001 +0.000000000000000E+000 +1.319465928477871E-001
    37.90123457 +1.313607123570442E-001 +0.000000000000000E+000 +1.313607123570442E-001
    38.00411523 +1.307262357528006E-001 +0.000000000000000E+000 +1.307262357528006E-001
    38.10185185 +1.300947313484507E-001 +0.000000000000000E+000 +1.300947313484507E-001
    38.20473251 +1.294011389285022E-001 +0.000000000000000E+000 +1.294011389285022E-001
    38.30246914 +1.287274639522057E-001 +0.000000000000000E+000 +1.287274639522057E-001
    38.40020576 +1.280570631083087E-001 +0.000000000000000E+000 +1.280570631083087E-001
    38.50308642 +1.273723620845916E-001 +0.000000000000000E+000 +1.273723620845916E-001
    38.60082305 +1.267514072972268E-001 +0.000000000000000E+000 +1.267514072972268E-001
    38.70370370 +1.261294942682480E-001 +0.000000000000000E+000 +1.261294942682480E-001
    38.80144033 +1.255624500901611E-001 +0.000000000000000E+000 +1.255624500901611E-001
    38.90432099 +1.249809695209203E-001 +0.000000000000000E+000 +1.249809695209203E-001
    39.00205761 +1.244359927120661E-001 +0.000000000000000E+000 +1.244359927120661E-001
    39.10493827 +1.238675773723732E-001 +0.000000000000000E+000 +1.238675773723732E-001
    39.20267490 +1.233359917280705E-001 +0.000000000000000E+000 +1.233359917280705E-001
    39.30041152 +1.228202168360353E-001 +0.000000000000000E+000 +1.228202168360353E-001
    39.40329218 +1.223042012354823E-001 +0.000000000000000E+000 +1.223042012354823E-001
    39.50102881 +1.218476082086483E-001 +0.000000000000000E+000 +1.218476082086483E-001
    39.60390947 +1.214074967069322E-001 +0.000000000000000E+000 +1.214074967069322E-001
    39.70164609 +1.210288176294979E-001 +0.000000000000000E+000 +1.210288176294979E-001
    39.80452675 +1.206696618251747E-001 +0.000000000000000E+000 +1.206696618251747E-001
    39.90226337 +1.203629112913033E-001 +0.000000000000000E+000 +1.203629112913033E-001
    40.00000000 +1.200876259769987E-001 +0.000000000000000E+000 +1.200876259769987E-001
    40.10288066 +1.198320891249429E-001 +0.000000000000000E+000 +1.198320891249429E-001
    40.20061728 +1.196243144533718E-001 +0.000000000000000E+000 +1.196243144533718E-001
    40.30349794 +1.194462464297643E-001 +0.000000000000000E+000 +1.194462464297643E-001
    40.40123457 +1.193192085808302E-001 +0.000000000000000E+000 +1.193192085808302E-001
    40.50411523 +1.192326327181221E-001 +0.000000000000000E+000 +1.192326327181221E-001
    40.60185185 +1.191968242377838E-001 +0.000000000000000E+000 +1.191968242377838E-001
    40.70473251 +1.192093015737279E-001 +0.000000000000000E+000 +1.192093015737279E-001
    40.80246914 +1.192701383287552E-001 +0.000000000000000E+000 +1.192701383287552E-001
    40.90020576 +1.193803285611180E-001 +0.000000000000000E+000 +1.193803285611180E-001
    41.00308642 +1.195515544193434E-001 +0.000000000000000E+000 +1.195515544193434E-001
    41.10082305 +1.197684843363955E-001 +0.000000000000000E+000 +1.197684843363955E-001
    41.20370370 +1.200559320700130E-001 +0.000000000000000E+000 +1.200559320700130E-001
    41.30144033 +1.203870819430365E-001 +0.000000000000000E+000 +1.203870819430365E-001
    41.40432099 +1.207987322383590E-001 +0.000000000000000E+000 +1.207987322383590E-001
    41.50205761 +1.212514170843157E-001 +0.000000000000000E+000 +1.212514170843157E-001
    41.60493827 +1.217948417351581E-001 +0.000000000000000E+000 +1.217948417351581E-001
    41.70267490 +1.223769971516547E-001 +0.000000000000000E+000 +1.223769971516547E-001
    41.80041152 +1.230258855025183E-001 +0.000000000000000E+000 +1.230258855025183E-001
    41.90329218 +1.237836520532686E-001 +0.000000000000000E+000 +1.237836520532686E-001
    42.00102881 +1.245768130833395E-001 +0.000000000000000E+000 +1.245768130833395E-001
    42.10390947 +1.254915054880812E-001 +0.000000000000000E+000 +1.254915054880812E-001
    42.20164609 +1.264394384999067E-001 +0.000000000000000E+000 +1.264394384999067E-001
    42.30452675 +1.275248005875798E-001 +0.000000000000000E+000 +1.275248005875798E-001
    42.40226337 +1.286441737891162E-001 +0.000000000000000E+000 +1.286441737891162E-001
    42.50000000 +1.298554036764446E-001 +0.000000000000000E+000 +1.298554036764446E-001
    42.60288066 +1.312365665777974E-001 +0.000000000000000E+000 +1.312365665777974E-001
    42.70061728 +1.326569382488555E-001 +0.000000000000000E+000 +1.326569382488555E-001
    42.80349794 +1.342755159009179E-001 +0.000000000000000E+000 +1.342755159009179E-001
    42.90123457 +1.359412215180745E-001 +0.000000000000000E+000 +1.359412215180745E-001
    43.00411523 +1.378429213108270E-001 +0.000000000000000E+000 +1.378429213108270E-001
    43.10185185 +1.398044778130031E-001 +0.000000000000000E+000 +1.398044778130031E-001
    43.20473251 +1.420486994381839E-001 +0.000000000000000E+000 +1.420486994381839E-001
    43.30246914 +1.443678918270122E-001 +0.000000000000000E+000 +1.443678918270122E-001
    43.40020576 +1.468873223589919E-001 +0.000000000000000E+000 +1.468873223589919E-001
    43.50308642 +1.497769547141519E-001 +0.000000000000000E+000 +1.497769547141519E-001
    43.60082305 +1.527704290273314E-001 +0.000000000000000E+000 +1.527704290273314E-001
    43.70370370 +1.562101600121270E-001 +0.000000000000000E+000 +1.562101600121270E-001
    43.80144033 +1.597812235715515E-001 +0.000000000000000E+000 +1.597812235715515E-001
    43.90432099 +1.638949400095924E-001 +0.000000000000000E+000 +1.638949400095924E-001
    44.00205761 +1.681767562205964E-001 +0.000000000000000E+000 +1.681767562205964E-001
    44.10493827 +1.731199273751768E-001 +0.000000000000000E+000 +1.731199273751768E-001
    44.20267490 +1.782720887212837E-001 +0.000000000000000E+000 +1.782720887212837E-001
    44.30041152 +1.839115950559725E-001 +0.000000000000000E+000 +1.839115950559725E-001
    44.40329218 +1.904231094378392E-001 +0.000000000000000E+000 +1.904231094378392E-001
    44.50102881 +1.972045633358691E-001 +0.000000000000000E+000 +1.972045633358691E-001
    44.60390947 +2.050269412784353E-001 +0.000000000000000E+000 +2.050269412784353E-001
    44.70164609 +2.131669052937340E-001 +0.000000000000000E+000 +2.131669052937340E-001
    44.80452675 +2.225505882944317E-001 +0.000000000000000E+000 +2.225505882944317E-001
    44.90226337 +2.323096456818440E-001 +0.000000000000000E+000 +2.323096456818440E-001
    45.00000000 +2.429641326300802E-001 +0.000000000000000E+000 +2.429641326300802E-001
    45.10288066 +2.552291145402036E-001 +0.000000000000000E+000 +2.552291145402036E-001
    45.20061728 +2.679601546444750E-001 +0.000000000000000E+000 +2.679601546444750E-001
    45.30349794 +2.825902166534937E-001 +0.000000000000000E+000 +2.825902166534937E-001
    45.40123457 +2.977487732335849E-001 +0.000000000000000E+000 +2.977487732335849E-001
    45.50411523 +3.151376676611998E-001 +0.000000000000000E+000 +3.151376676611998E-001
    45.60185185 +3.331248796494957E-001 +0.000000000000000E+000 +3.331248796494957E-001
    45.70473251 +3.537273132664281E-001 +0.000000000000000E+000 +3.537273132664281E-001
    45.80246914 +3.750087166613521E-001 +0.000000000000000E+000 +3.750087166613521E-001
    45.90020576 +3.980845580093538E-001 +0.000000000000000E+000 +3.980845580093538E-001
    46.00308642 +4.244626630874835E-001 +0.000000000000000E+000 +4.244626630874835E-001
    46.10082305 +4.516565158021992E-001 +0.000000000000000E+000 +4.516565158021992E-001
    46.20370370 +4.827015141878664E-001 +0.000000000000000E+000 +4.827015141878664E-001
    46.30144033 +5.146653041568185E-001 +0.000000000000000E+000 +5.146653041568185E-001
    46.40432099 +5.511090341929610E-001 +0.000000000000000E+000 +5.511090341929610E-001
    46.50205761 +5.885841156437459E-001 +0.000000000000000E+000 +5.885841156437459E-001
    46.60493827 +6.312593988794998E-001 +0.000000000000000E+000 +6.312593988794998E-001
    46.70267490 +6.750916623202720E-001 +0.000000000000000E+000 +6.750916623202720E-001
    46.80041152 +7.223642210992561E-001 +0.000000000000000E+000 +7.223642210992561E-001
    46.90329218 +7.761107520481644E-001 +0.000000000000000E+000 +7.761107520481644E-001
    47.00102881 +8.312265992232633E-001 +0.000000000000000E+000 +8.312265992232633E-001
    47.10390947 +8.938160913947710E-001 +0.000000000000000E+000 +8.938160913947710E-001
    47.20164609 +9.579145706822290E-001 +0.000000000000000E+000 +9.579145706822290E-001
    47.30452675 +1.030597351332931E+000 +0.000000000000000E+000 +1.030597351332931E+000
    47.40226337 +1.104916720423301E+000 +0.000000000000000E+000 +1.104916720423301E+000
    47.50000000 +1.184699979464481E+000 +0.000000000000000E+000 +1.184699979464481E+000
    47.60288066 +1.274959114741873E+000 +0.000000000000000E+000 +1.274959114741873E+000
    47.70061728 +1.367041537540004E+000 +0.000000000000000E+000 +1.367041537540004E+000
    47.80349794 +1.471057094662064E+000 +0.000000000000000E+000 +1.471057094662064E+000
    47.90123457 +1.577005824876295E+000 +0.000000000000000E+000 +1.577005824876295E+000
    48.00411523 +1.696478968552619E+000 +0.000000000000000E+000 +1.696478968552619E+000
    48.10185185 +1.817945212910557E+000 +0.000000000000000E+000 +1.817945212910557E+000
    48.20473251 +1.954645095264822E+000 +0.000000000000000E+000 +1.954645095264822E+000
    48.30246914 +2.093347912669576E+000 +0.000000000000000E+000 +2.093347912669576E+000
    48.40020576 +2.241111408088639E+000 +0.000000000000000E+000 +2.241111408088639E+000
    48.50308642 +2.406955086115291E+000 +0.000000000000000E+000 +2.406955086115291E+000
    48.60082305 +2.574811570762099E+000 +0.000000000000000E+000 +2.574811570762099E+000
    48.70370370 +2.762929199174831E+000 +0.000000000000000E+000 +2.762929199174831E+000
    48.80144033 +2.953053932300866E+000 +0.000000000000000E+000 +2.953053932300866E+000
    48.90432099 +3.165808779716559E+000 +0.000000000000000E+000 +3.165808779716559E+000
    49.00205761 +3.380501989099884E+000 +0.000000000000000E+000 +3.380501989099884E+000
    49.10493827 +3.620385234034934E+000 +0.000000000000000E+000 +3.620385234034934E+000
    49.20267490 +3.862122978268109E+000 +0.000000000000000E+000 +3.862122978268109E+000
    49.30041152 +4.118051258127327E+000 +0.000000000000000E+000 +4.118051258127327E+000
    49.40329218 +4.403615963046918E+000 +0.000000000000000E+000 +4.403615963046918E+000
    49.50102881 +4.691139135081262E+000 +0.000000000000000E+000 +4.691139135081262E+000
    49.60390947 +5.011914444506576E+000 +0.000000000000000E+000 +5.011914444506576E+000
    49.70164609 +5.334896945843975E+000 +0.000000000000000E+000 +5.334896945843975E+000
    49.80452675 +5.695263647539780E+000 +0.000000000000000E+000 +5.695263647539780E+000
    49.90226337 +6.058160192301287E+000 +0.000000000000000E+000 +6.058160192301287E+000
    50.00000000 +6.442342468170560E+000 +0.000000000000000E+000 +6.442342468170560E+000
    50.10288066 +6.871281576901595E+000 +0.000000000000000E+000 +6.871281576901595E+000
    50.20061728 +7.303756032734315E+000 +0.000000000000000E+000 +7.303756032734315E+000
    50.30349794 +7.787332101366199E+000 +0.000000000000000E+000 +7.787332101366199E+000
